bins,AACA,AACG,AACC,AACT,GACA,GACG,GACC,GACT,CACA,CACG,CACC,CACT,TACA,TACG,TACC,TACT
-3.0,0.0,0.0,0.0,0.0,0.0,0.0,0.0,0.0,0.0,0.0,0.0,0.0,0.0,0.0,0.0,0.0
-2.75,0.0,0.0,0.0,0.0,0.0,0.0,0.0,0.0,0.0,0.0,0.0,0.0,0.0,0.0,0.0,0.0
-2.5,0.0,0.0,0.0,0.0,0.0,0.0,0.0,0.0,0.0,0.0,0.0,0.0,0.0,0.0,0.0,0.0
-2.25,0.0,0.0,0.0,0.0,0.0,0.0,0.0,0.0,0.0,0.0,0.0,0.0,0.0,0.0,0.0,0.0
-2.0,0.0,0.011673151750972763,0.0,0.004464285714285714,0.0,0.0,0.0,0.0,0.003003003003003003,0.0,0.0,0.0,0.0,0.005698005698005698,0.0,0.0
-1.75,0.0024813895781637717,0.0311284046692607,0.013215859030837005,0.017857142857142856,0.002577319587628866,0.0,0.00554016620498615,0.0063025210084033615,0.012012012012012012,0.0,0.024096385542168676,0.01020408163265306,0.0,0.017094017094017096,0.012,0.006968641114982578
-1.5,0.03970223325062035,0.054474708171206226,0.039647577092511016,0.0625,0.01288659793814433,0.013623978201634877,0.0664819944598338,0.037815126050420166,0.015015015015015015,0.0047169811320754715,0.040160642570281124,0.04081632653061224,0.006872852233676976,0.16524216524216523,0.032,0.04878048780487805
-1.25,0.12903225806451613,0.11284046692607004,0.10572687224669604,0.25,0.07216494845360824,0.07901907356948229,0.1883656509695291,0.07142857142857142,0.08108108108108109,0.0330188679245283,0.08433734939759036,0.08503401360544217,0.0859106529209622,0.10826210826210826,0.068,0.1602787456445993
-1.0,0.2655086848635236,0.2178988326848249,0.2775330396475771,0.2857142857142857,0.13402061855670103,0.23705722070844687,0.25761772853185594,0.2815126050420168,0.18618618618618618,0.10141509433962265,0.17670682730923695,0.2653061224489796,0.12371134020618557,0.06552706552706553,0.136,0.17770034843205576
-0.75,0.27543424317617865,0.26848249027237353,0.23348017621145375,0.25,0.25,0.42779291553133514,0.2409972299168975,0.34663865546218486,0.24024024024024024,0.36792452830188677,0.285140562248996,0.2925170068027211,0.2646048109965636,0.11396011396011396,0.244,0.2787456445993031
-0.5,0.1513647642679901,0.1556420233463035,0.0881057268722467,0.09821428571428571,0.2809278350515464,0.13896457765667575,0.1440443213296399,0.12605042016806722,0.21621621621621623,0.28773584905660377,0.1606425702811245,0.21428571428571427,0.2852233676975945,0.1396011396011396,0.244,0.1916376306620209
-0.25,0.062034739454094295,0.07003891050583658,0.07929515418502203,0.022321428571428572,0.1134020618556701,0.08991825613079019,0.08587257617728532,0.08403361344537816,0.09009009009009009,0.12735849056603774,0.1606425702811245,0.06802721088435375,0.14776632302405499,0.09971509971509972,0.164,0.09407665505226481
0.0,0.052109181141439205,0.03501945525291829,0.05726872246696035,0.008928571428571428,0.06958762886597938,0.013623978201634877,0.008310249307479225,0.03991596638655462,0.07207207207207207,0.05188679245283019,0.040160642570281124,0.023809523809523808,0.058419243986254296,0.1225071225071225,0.064,0.024390243902439025
0.25,0.022332506203473945,0.03501945525291829,0.09251101321585903,0.0,0.01804123711340206,0.0,0.002770083102493075,0.0063025210084033615,0.06606606606606606,0.025943396226415096,0.020080321285140562,0.0,0.013745704467353952,0.09971509971509972,0.024,0.017421602787456445
0.5,0.0,0.007782101167315175,0.013215859030837005,0.0,0.04639175257731959,0.0,0.0,0.0,0.018018018018018018,0.0,0.008032128514056224,0.0,0.013745704467353952,0.06267806267806268,0.012,0.0
0.75,0.0,0.0,0.0,0.0,0.0,0.0,0.0,0.0,0.0,0.0,0.0,0.0,0.0,0.0,0.0,0.0
1.0,0.0,0.0,0.0,0.0,0.0,0.0,0.0,0.0,0.0,0.0,0.0,0.0,0.0,0.0,0.0,0.0
1.25,0.0,0.0,0.0,0.0,0.0,0.0,0.0,0.0,0.0,0.0,0.0,0.0,0.0,0.0,0.0,0.0
1.5,0.0,0.0,0.0,0.0,0.0,0.0,0.0,0.0,0.0,0.0,0.0,0.0,0.0,0.0,0.0,0.0
1.75,0.0,0.0,0.0,0.0,0.0,0.0,0.0,0.0,0.0,0.0,0.0,0.0,0.0,0.0,0.0,0.0
2.0,0.0,0.0,0.0,0.0,0.0,0.0,0.0,0.0,0.0,0.0,0.0,0.0,0.0,0.0,0.0,0.0
2.25,0.0,0.0,0.0,0.0,0.0,0.0,0.0,0.0,0.0,0.0,0.0,0.0,0.0,0.0,0.0,0.0
2.5,0.0,0.0,0.0,0.0,0.0,0.0,0.0,0.0,0.0,0.0,0.0,0.0,0.0,0.0,0.0,0.0
2.75,0.0,0.0,0.0,0.0,0.0,0.0,0.0,0.0,0.0,0.0,0.0,0.0,0.0,0.0,0.0,0.0
