bins,AACA,AACG,AACC,AACT,GACA,GACG,GACC,GACT,CACA,CACG,CACC,CACT,TACA,TACG,TACC,TACT
-10.0,3,10,0,1,0,0,0,0,2,0,0,0,4,2,1,4
-9.0,3,4,2,1,2,0,0,0,5,4,0,0,4,6,2,2
-8.0,3,8,1,0,9,0,0,1,6,1,0,0,1,5,5,12
-7.0,12,4,6,7,6,0,0,1,3,4,1,1,6,5,2,12
-6.0,12,13,4,5,8,7,0,5,5,5,0,6,7,8,4,6
-5.0,23,10,14,11,5,6,4,11,11,6,2,6,6,6,11,11
-4.0,16,26,17,14,7,9,4,7,10,9,2,9,8,17,15,12
-3.0,29,18,18,20,7,9,10,15,27,13,4,16,11,15,11,18
-2.0,34,18,33,23,19,21,18,18,24,17,17,23,24,13,25,15
-1.0,44,22,31,29,17,36,28,32,34,40,17,38,28,28,19,15
0.0,52,25,25,27,30,94,30,54,40,45,22,38,27,16,26,17
1.0,41,27,18,17,34,79,55,32,41,43,28,30,35,39,20,25
2.0,32,26,14,22,59,35,47,51,35,33,20,34,23,32,30,22
3.0,36,11,15,16,48,29,47,46,29,44,32,26,21,57,26,37
4.0,25,10,8,13,43,22,54,48,18,46,29,20,22,51,21,33
5.0,11,6,10,2,30,8,33,57,20,36,24,13,19,23,8,20
6.0,12,8,5,4,29,7,10,51,10,18,17,15,8,12,11,8
7.0,7,5,3,2,14,4,12,19,4,25,17,9,23,7,7,4
8.0,1,3,1,5,6,1,7,5,6,12,3,7,2,3,3,3
9.0,0,1,2,4,10,0,2,10,1,11,4,1,3,3,2,1
10.0,4,1,0,1,1,0,0,11,1,9,6,1,4,0,0,4
11.0,3,1,0,0,2,0,0,0,1,2,0,1,4,3,1,3
12.0,0,0,0,0,2,0,0,2,0,1,4,0,1,0,0,3
13.0,0,0,0,0,0,0,0,0,0,0,0,0,0,0,0,0
14.0,0,0,0,0,0,0,0,0,0,0,0,0,0,0,0,0
15.0,0,0,0,0,0,0,0,0,0,0,0,0,0,0,0,0
16.0,0,0,0,0,0,0,0,0,0,0,0,0,0,0,0,0
17.0,0,0,0,0,0,0,0,0,0,0,0,0,0,0,0,0
18.0,0,0,0,0,0,0,0,0,0,0,0,0,0,0,0,0
19.0,0,0,0,0,0,0,0,0,0,0,0,0,0,0,0,0
