bins,AACA,AACG,AACC,AACT,GACA,GACG,GACC,GACT,CACA,CACG,CACC,CACT,TACA,TACG,TACC,TACT
-3.0,0,0,0,0,0,0,0,0,0,0,0,0,0,0,0,0
-2.75,0,0,0,0,0,0,0,0,0,0,0,0,0,0,0,0
-2.5,0,0,0,0,0,0,0,0,0,0,0,0,0,0,0,0
-2.25,0,0,0,0,0,0,0,0,0,0,0,0,0,0,0,0
-2.0,0,3,0,1,0,0,0,0,1,0,0,0,0,2,0,0
-1.75,1,8,3,4,1,0,2,3,4,0,6,3,0,6,3,2
-1.5,16,14,9,14,5,5,24,18,5,2,10,12,2,58,8,14
-1.25,52,29,24,56,28,29,68,34,27,14,21,25,25,38,17,46
-1.0,107,56,63,64,52,87,93,134,62,43,44,78,36,23,34,51
-0.75,111,69,53,56,97,157,87,165,80,156,71,86,77,40,61,80
-0.5,61,40,20,22,109,51,52,60,72,122,40,63,83,49,61,55
-0.25,25,18,18,5,44,33,31,40,30,54,40,20,43,35,41,27
0.0,21,9,13,2,27,5,3,19,24,22,10,7,17,43,16,7
0.25,9,9,21,0,7,0,1,3,22,11,5,0,4,35,6,5
0.5,0,2,3,0,18,0,0,0,6,0,2,0,4,22,3,0
0.75,0,0,0,0,0,0,0,0,0,0,0,0,0,0,0,0
1.0,0,0,0,0,0,0,0,0,0,0,0,0,0,0,0,0
1.25,0,0,0,0,0,0,0,0,0,0,0,0,0,0,0,0
1.5,0,0,0,0,0,0,0,0,0,0,0,0,0,0,0,0
1.75,0,0,0,0,0,0,0,0,0,0,0,0,0,0,0,0
2.0,0,0,0,0,0,0,0,0,0,0,0,0,0,0,0,0
2.25,0,0,0,0,0,0,0,0,0,0,0,0,0,0,0,0
2.5,0,0,0,0,0,0,0,0,0,0,0,0,0,0,0,0
2.75,0,0,0,0,0,0,0,0,0,0,0,0,0,0,0,0
