bins,ACAA,ACAG,ACAC,ACAT,GCAA,GCAG,GCAC,GCAT,CCAA,CCAG,CCAC,CCAT,TCAA,TCAG,TCAC,TCAT
-3.0,0.0,0.0,0.0,0.0,0.0,0.0,0.0,0.0,0.0,0.0,0.0,0.0,0.0,0.0,0.0,0.0
-2.75,0.0,0.0,0.0,0.0,0.0,0.0,0.0,0.0,0.0,0.0,0.0,0.0,0.0,0.0,0.0,0.0
-2.5,0.0,0.0,0.0,0.0,0.0,0.0,0.0,0.0,0.0,0.0,0.0,0.0,0.0,0.0,0.0,0.0
-2.25,0.0,0.0,0.0,0.0,0.0,0.0,0.0,0.0,0.0,0.0,0.0,0.0,0.0,0.0,0.0,0.0
-2.0,0.0,0.0023094688221709007,0.0,0.0,0.0,0.0,0.0,0.0,0.0,0.0,0.0,0.0,0.0,0.0,0.0,0.0
-1.75,0.0,0.004618937644341801,0.00625,0.008746355685131196,0.0,0.0,0.0,0.0,0.0,0.004608294930875576,0.0,0.003937007874015748,0.0031446540880503146,0.0,0.0,0.004962779156327543
-1.5,0.03680981595092025,0.018475750577367205,0.0125,0.02040816326530612,0.0,0.0,0.0031746031746031746,0.001949317738791423,0.0,0.009216589861751152,0.0030864197530864196,0.0,0.009433962264150943,0.001834862385321101,0.0,0.02481389578163772
-1.25,0.03987730061349693,0.03695150115473441,0.03125,0.061224489795918366,0.017316017316017316,0.003355704697986577,0.01904761904761905,0.01949317738791423,0.004629629629629629,0.013824884792626729,0.006172839506172839,0.003937007874015748,0.040880503144654086,0.003669724770642202,0.002881844380403458,0.21588089330024815
-1.0,0.09815950920245399,0.03464203233256351,0.078125,0.10787172011661808,0.012987012987012988,0.013422818791946308,0.031746031746031744,0.03898635477582846,0.018518518518518517,0.027649769585253458,0.021604938271604937,0.031496062992125984,0.018867924528301886,0.011009174311926606,0.020172910662824207,0.05459057071960298
-0.75,0.10429447852760736,0.09468822170900693,0.075,0.13702623906705538,0.05627705627705628,0.24161073825503357,0.07301587301587302,0.10331384015594541,0.037037037037037035,0.03225806451612903,0.08950617283950617,0.05511811023622047,0.0440251572327044,0.027522935779816515,0.06340057636887608,0.06947890818858561
-0.5,0.13803680981595093,0.13394919168591224,0.121875,0.15743440233236153,0.06493506493506493,0.06040268456375839,0.10793650793650794,0.3508771929824561,0.11574074074074074,0.041474654377880185,0.12654320987654322,0.11023622047244094,0.025157232704402517,0.062385321100917435,0.09221902017291066,0.05459057071960298
-0.25,0.10122699386503067,0.13625866050808313,0.178125,0.12536443148688048,0.1038961038961039,0.09731543624161074,0.17142857142857143,0.26120857699805067,0.046296296296296294,0.07834101382488479,0.1697530864197531,0.11811023622047244,0.04716981132075472,0.13577981651376148,0.1037463976945245,0.07444168734491315
0.0,0.09202453987730061,0.12240184757505773,0.171875,0.13702623906705538,0.14285714285714285,0.13758389261744966,0.16825396825396827,0.10331384015594541,0.11574074074074074,0.0967741935483871,0.12962962962962962,0.10236220472440945,0.07547169811320754,0.22935779816513763,0.18155619596541786,0.06947890818858561
0.25,0.1165644171779141,0.16628175519630484,0.090625,0.07580174927113703,0.19047619047619047,0.1040268456375839,0.12063492063492064,0.06042884990253411,0.1527777777777778,0.07373271889400922,0.14506172839506173,0.07086614173228346,0.15723270440251572,0.21467889908256882,0.17002881844380405,0.10173697270471464
0.5,0.12883435582822086,0.09468822170900693,0.109375,0.07580174927113703,0.1645021645021645,0.11073825503355705,0.11746031746031746,0.04873294346978557,0.13425925925925927,0.1152073732718894,0.13580246913580246,0.11811023622047244,0.14150943396226415,0.08807339449541285,0.11239193083573487,0.07196029776674938
0.75,0.04294478527607362,0.06466512702078522,0.05,0.043731778425655975,0.1038961038961039,0.0738255033557047,0.12063492063492064,0.011695906432748537,0.1388888888888889,0.1935483870967742,0.07098765432098765,0.07874015748031496,0.11320754716981132,0.10091743119266056,0.06051873198847262,0.11166253101736973
1.0,0.03067484662576687,0.06004618937644342,0.015625,0.02040816326530612,0.06926406926406926,0.06375838926174497,0.044444444444444446,0.0,0.10648148148148148,0.07834101382488479,0.04938271604938271,0.051181102362204724,0.08490566037735849,0.05137614678899083,0.05475504322766571,0.09181141439205956
1.25,0.04294478527607362,0.020785219399538105,0.034375,0.01749271137026239,0.03896103896103896,0.050335570469798654,0.009523809523809525,0.0,0.032407407407407406,0.06912442396313365,0.037037037037037035,0.023622047244094488,0.11006289308176101,0.027522935779816515,0.07492795389048991,0.022332506203473945
1.5,0.018404907975460124,0.006928406466512702,0.0125,0.0058309037900874635,0.008658008658008658,0.013422818791946308,0.012698412698412698,0.0,0.023148148148148147,0.07834101382488479,0.009259259259259259,0.023622047244094488,0.07232704402515723,0.022018348623853212,0.03170028818443804,0.017369727047146403
1.75,0.0,0.0023094688221709007,0.009375,0.0058309037900874635,0.004329004329004329,0.016778523489932886,0.0,0.0,0.018518518518518517,0.027649769585253458,0.006172839506172839,0.15354330708661418,0.031446540880503145,0.023853211009174313,0.01440922190201729,0.009925558312655087
2.0,0.006134969325153374,0.0,0.003125,0.0,0.012987012987012988,0.010067114093959731,0.0,0.0,0.018518518518518517,0.02304147465437788,0.0,0.051181102362204724,0.018867924528301886,0.0,0.008645533141210375,0.0
2.25,0.003067484662576687,0.0,0.0,0.0,0.008658008658008658,0.003355704697986577,0.0,0.0,0.032407407407407406,0.03225806451612903,0.0,0.0,0.006289308176100629,0.0,0.008645533141210375,0.004962779156327543
2.5,0.0,0.0,0.0,0.0,0.0,0.0,0.0,0.0,0.004629629629629629,0.004608294930875576,0.0,0.003937007874015748,0.0,0.0,0.0,0.0
2.75,0.0,0.0,0.0,0.0,0.0,0.0,0.0,0.0,0.0,0.0,0.0,0.0,0.0,0.0,0.0,0.0
