bins,ACAA,ACAG,ACAC,ACAT,GCAA,GCAG,GCAC,GCAT,CCAA,CCAG,CCAC,CCAT,TCAA,TCAG,TCAC,TCAT
-10.0,0.003067484662576687,0.0,0.0,0.0058309037900874635,0.017316017316017316,0.0,0.006349206349206349,0.0,0.0,0.009216589861751152,0.0,0.0,0.00946372239747634,0.0,0.0,0.0
-9.0,0.006134969325153374,0.0,0.00625,0.0058309037900874635,0.004329004329004329,0.0,0.006349206349206349,0.0,0.018691588785046728,0.013824884792626729,0.0,0.003937007874015748,0.012618296529968454,0.0,0.002881844380403458,0.0
-8.0,0.012269938650306749,0.0,0.00625,0.026239067055393587,0.004329004329004329,0.003355704697986577,0.0,0.0,0.009345794392523364,0.018433179723502304,0.0030864197530864196,0.003937007874015748,0.006309148264984227,0.0,0.005763688760806916,0.0
-7.0,0.012269938650306749,0.0023094688221709007,0.009375,0.0029154518950437317,0.017316017316017316,0.020134228187919462,0.009523809523809525,0.0,0.0,0.013824884792626729,0.0,0.015748031496062992,0.00946372239747634,0.0,0.011527377521613832,0.0
-6.0,0.006134969325153374,0.006928406466512702,0.015625,0.0,0.012987012987012988,0.006711409395973154,0.006349206349206349,0.011695906432748537,0.004672897196261682,0.027649769585253458,0.006172839506172839,0.007874015748031496,0.012618296529968454,0.0,0.008645533141210375,0.007444168734491315
-5.0,0.018404907975460124,0.004618937644341801,0.00625,0.026239067055393587,0.012987012987012988,0.010067114093959731,0.015873015873015872,0.009746588693957114,0.018691588785046728,0.013824884792626729,0.006172839506172839,0.007874015748031496,0.006309148264984227,0.005504587155963303,0.011527377521613832,0.004962779156327543
-4.0,0.012269938650306749,0.011547344110854504,0.01875,0.014577259475218658,0.017316017316017316,0.010067114093959731,0.015873015873015872,0.009746588693957114,0.014018691588785047,0.03686635944700461,0.021604938271604937,0.007874015748031496,0.0031545741324921135,0.007339449541284404,0.023054755043227664,0.0024813895781637717
-3.0,0.03987730061349693,0.016166281755196306,0.025,0.01749271137026239,0.012987012987012988,0.013422818791946308,0.025396825396825397,0.007797270955165692,0.028037383177570093,0.059907834101382486,0.024691358024691357,0.023622047244094488,0.015772870662460567,0.011009174311926606,0.01440922190201729,0.017369727047146403
-2.0,0.03680981595092025,0.013856812933025405,0.034375,0.05830903790087463,0.030303030303030304,0.0436241610738255,0.022222222222222223,0.009746588693957114,0.018691588785046728,0.03225806451612903,0.027777777777777776,0.047244094488188976,0.01892744479495268,0.025688073394495414,0.020172910662824207,0.02481389578163772
-1.0,0.05828220858895705,0.02771362586605081,0.040625,0.03498542274052478,0.025974025974025976,0.04697986577181208,0.03492063492063492,0.015594541910331383,0.056074766355140186,0.05069124423963134,0.05864197530864197,0.031496062992125984,0.025236593059936908,0.011009174311926606,0.005763688760806916,0.02977667493796526
0.0,0.06748466257668712,0.04387990762124711,0.075,0.061224489795918366,0.06060606060606061,0.03691275167785235,0.031746031746031744,0.03313840155945419,0.04672897196261682,0.059907834101382486,0.08024691358024691,0.05511811023622047,0.022082018927444796,0.023853211009174313,0.023054755043227664,0.022332506203473945
1.0,0.06441717791411043,0.050808314087759814,0.109375,0.06705539358600583,0.06926406926406926,0.030201342281879196,0.05714285714285714,0.03313840155945419,0.04672897196261682,0.06451612903225806,0.05864197530864197,0.03543307086614173,0.0914826498422713,0.03669724770642202,0.03170028818443804,0.034739454094292806
2.0,0.05521472392638037,0.057736720554272515,0.08125,0.037900874635568516,0.07792207792207792,0.08389261744966443,0.05714285714285714,0.042884990253411304,0.06074766355140187,0.10599078341013825,0.10493827160493827,0.09055118110236221,0.0914826498422713,0.05871559633027523,0.06628242074927954,0.04466501240694789
3.0,0.07975460122699386,0.053117782909930716,0.0625,0.0641399416909621,0.09090909090909091,0.0738255033557047,0.06984126984126984,0.07212475633528265,0.037383177570093455,0.08294930875576037,0.07098765432098765,0.0984251968503937,0.06309148264984227,0.08256880733944955,0.05187319884726225,0.03722084367245657
4.0,0.10736196319018405,0.10161662817551963,0.046875,0.08163265306122448,0.09956709956709957,0.09060402684563758,0.08253968253968254,0.1189083820662768,0.07476635514018691,0.10138248847926268,0.043209876543209874,0.0984251968503937,0.050473186119873815,0.09724770642201835,0.06628242074927954,0.06699751861042183
5.0,0.07668711656441718,0.07159353348729793,0.071875,0.10787172011661808,0.09090909090909091,0.08389261744966443,0.08253968253968254,0.14814814814814814,0.03271028037383177,0.059907834101382486,0.05555555555555555,0.11811023622047244,0.0473186119873817,0.07339449541284404,0.1037463976945245,0.09181141439205956
6.0,0.06441717791411043,0.08083140877598152,0.053125,0.08163265306122448,0.09090909090909091,0.06375838926174497,0.07301587301587302,0.15009746588693956,0.056074766355140186,0.055299539170506916,0.07407407407407407,0.1062992125984252,0.05993690851735016,0.06788990825688074,0.07204610951008646,0.11662531017369727
7.0,0.06441717791411043,0.08545034642032333,0.075,0.0641399416909621,0.06060606060606061,0.087248322147651,0.06666666666666667,0.10136452241715399,0.03271028037383177,0.07834101382488479,0.05864197530864197,0.03937007874015748,0.07886435331230283,0.07706422018348624,0.07492795389048991,0.0967741935483871
8.0,0.03067484662576687,0.053117782909930716,0.08125,0.05830903790087463,0.06493506493506493,0.1476510067114094,0.06031746031746032,0.0682261208576998,0.028037383177570093,0.027649769585253458,0.08024691358024691,0.07086614173228346,0.09779179810725552,0.10458715596330276,0.0893371757925072,0.141439205955335
9.0,0.027607361963190184,0.06004618937644342,0.059375,0.04956268221574344,0.03896103896103896,0.06711409395973154,0.047619047619047616,0.031189083820662766,0.06542056074766354,0.027649769585253458,0.08641975308641975,0.047244094488188976,0.03785488958990536,0.13211009174311927,0.0893371757925072,0.10173697270471464
10.0,0.027607361963190184,0.09006928406466513,0.025,0.04956268221574344,0.05627705627705628,0.030201342281879196,0.06349206349206349,0.02729044834307992,0.03271028037383177,0.013824884792626729,0.06172839506172839,0.027559055118110236,0.06309148264984227,0.08073394495412844,0.06628242074927954,0.05955334987593052
11.0,0.03067484662576687,0.04849884526558892,0.015625,0.026239067055393587,0.004329004329004329,0.016778523489932886,0.044444444444444446,0.02729044834307992,0.06542056074766354,0.027649769585253458,0.012345679012345678,0.003937007874015748,0.05362776025236593,0.05871559633027523,0.06628242074927954,0.03970223325062035
12.0,0.03067484662576687,0.02771362586605081,0.028125,0.011661807580174927,0.025974025974025976,0.010067114093959731,0.03492063492063492,0.023391812865497075,0.037383177570093455,0.018433179723502304,0.009259259259259259,0.011811023622047244,0.05362776025236593,0.014678899082568808,0.025936599423631124,0.022332506203473945
13.0,0.018404907975460124,0.03695150115473441,0.0375,0.01749271137026239,0.004329004329004329,0.010067114093959731,0.025396825396825397,0.025341130604288498,0.08411214953271028,0.0,0.015432098765432098,0.007874015748031496,0.04416403785488959,0.012844036697247707,0.01729106628242075,0.01488833746898263
14.0,0.015337423312883436,0.018475750577367205,0.003125,0.011661807580174927,0.008658008658008658,0.0,0.009523809523809525,0.017543859649122806,0.037383177570093455,0.0,0.015432098765432098,0.015748031496062992,0.0,0.009174311926605505,0.023054755043227664,0.004962779156327543
15.0,0.012269938650306749,0.009237875288683603,0.003125,0.0029154518950437317,0.0,0.0,0.006349206349206349,0.005847953216374269,0.0514018691588785,0.0,0.015432098765432098,0.003937007874015748,0.006309148264984227,0.001834862385321101,0.01729106628242075,0.01488833746898263
16.0,0.006134969325153374,0.013856812933025405,0.0,0.0,0.0,0.010067114093959731,0.015873015873015872,0.009746588693957114,0.014018691588785047,0.0,0.0030864197530864196,0.011811023622047244,0.0031545741324921135,0.005504587155963303,0.005763688760806916,0.0024813895781637717
17.0,0.003067484662576687,0.009237875288683603,0.003125,0.011661807580174927,0.0,0.003355704697986577,0.0031746031746031746,0.0,0.0,0.0,0.006172839506172839,0.003937007874015748,0.012618296529968454,0.001834862385321101,0.002881844380403458,0.0
18.0,0.012269938650306749,0.004618937644341801,0.003125,0.0,0.0,0.0,0.006349206349206349,0.0,0.009345794392523364,0.0,0.0,0.003937007874015748,0.0,0.0,0.002881844380403458,0.0
19.0,0.0,0.0,0.003125,0.0029154518950437317,0.0,0.0,0.01904761904761905,0.0,0.018691588785046728,0.0,0.0,0.0,0.0031545741324921135,0.0,0.0,0.0
