bins,AACA,AACG,AACC,AACT,GACA,GACG,GACC,GACT,CACA,CACG,CACC,CACT,TACA,TACG,TACC,TACT
20.0,0.0,0.0,0.0,0.0,0.0,0.0,0.0,0.0,0.003003003003003003,0.0023584905660377358,0.0,0.0,0.006872852233676976,0.0,0.0,0.0
21.0,0.0024813895781637717,0.0,0.0,0.0,0.005154639175257732,0.005449591280653951,0.0,0.0,0.009009009009009009,0.0047169811320754715,0.004016064257028112,0.0,0.003436426116838488,0.002849002849002849,0.0,0.0
22.0,0.02481389578163772,0.0,0.0,0.0,0.005154639175257732,0.010899182561307902,0.0,0.0021008403361344537,0.009009009009009009,0.014150943396226415,0.012048192771084338,0.01020408163265306,0.013745704467353952,0.002849002849002849,0.004,0.006968641114982578
23.0,0.007444168734491315,0.0038910505836575876,0.00881057268722467,0.008928571428571428,0.007731958762886598,0.010899182561307902,0.0,0.0273109243697479,0.02702702702702703,0.014150943396226415,0.01606425702811245,0.0,0.013745704467353952,0.008547008547008548,0.008,0.006968641114982578
24.0,0.007444168734491315,0.0,0.0,0.013392857142857142,0.010309278350515464,0.005449591280653951,0.008310249307479225,0.008403361344537815,0.03903903903903904,0.0047169811320754715,0.008032128514056224,0.017006802721088437,0.037800687285223365,0.019943019943019943,0.008,0.024390243902439025
25.0,0.017369727047146403,0.007782101167315175,0.013215859030837005,0.017857142857142856,0.030927835051546393,0.013623978201634877,0.013850415512465374,0.03361344537815126,0.02702702702702703,0.02830188679245283,0.024096385542168676,0.03741496598639456,0.041237113402061855,0.037037037037037035,0.024,0.020905923344947737
26.0,0.019851116625310174,0.0311284046692607,0.004405286343612335,0.008928571428571428,0.023195876288659795,0.043596730245231606,0.019390581717451522,0.012605042016806723,0.03903903903903904,0.04245283018867924,0.028112449799196786,0.030612244897959183,0.048109965635738834,0.03418803418803419,0.04,0.010452961672473868
27.0,0.03970223325062035,0.019455252918287938,0.01762114537444934,0.022321428571428572,0.03608247422680412,0.07356948228882834,0.030470914127423823,0.018907563025210083,0.05405405405405406,0.03537735849056604,0.05220883534136546,0.05782312925170068,0.07560137457044673,0.042735042735042736,0.068,0.03484320557491289
28.0,0.02977667493796526,0.027237354085603113,0.022026431718061675,0.04017857142857143,0.059278350515463915,0.0653950953678474,0.07202216066481995,0.03361344537815126,0.10510510510510511,0.0589622641509434,0.0642570281124498,0.05442176870748299,0.06872852233676977,0.04843304843304843,0.088,0.05226480836236934
29.0,0.062034739454094295,0.03501945525291829,0.05726872246696035,0.07589285714285714,0.11597938144329897,0.11716621253405994,0.0997229916897507,0.03571428571428571,0.10810810810810811,0.11084905660377359,0.08032128514056225,0.08163265306122448,0.12027491408934708,0.03418803418803419,0.124,0.059233449477351915
30.0,0.10918114143920596,0.05058365758754864,0.039647577092511016,0.07142857142857142,0.12628865979381443,0.19346049046321526,0.10249307479224377,0.1134453781512605,0.1021021021021021,0.10141509433962265,0.08032128514056225,0.11564625850340136,0.0859106529209622,0.05128205128205128,0.1,0.10801393728222997
31.0,0.10421836228287841,0.11284046692607004,0.07929515418502203,0.08035714285714286,0.10051546391752578,0.11444141689373297,0.1440443213296399,0.13655462184873948,0.1111111111111111,0.1509433962264151,0.12048192771084337,0.0782312925170068,0.06529209621993128,0.04843304843304843,0.124,0.11498257839721254
32.0,0.10173697270471464,0.12062256809338522,0.12334801762114538,0.08482142857142858,0.12886597938144329,0.11171662125340599,0.11911357340720222,0.16806722689075632,0.07207207207207207,0.11320754716981132,0.0642570281124498,0.10204081632653061,0.061855670103092786,0.09116809116809117,0.104,0.09407665505226481
33.0,0.10669975186104218,0.11284046692607004,0.11894273127753303,0.12946428571428573,0.09020618556701031,0.04904632152588556,0.1440443213296399,0.15546218487394958,0.06006006006006006,0.07075471698113207,0.08433734939759036,0.0782312925170068,0.058419243986254296,0.10541310541310542,0.12,0.13588850174216027
34.0,0.06699751861042183,0.10116731517509728,0.1277533039647577,0.11160714285714286,0.05412371134020619,0.07084468664850137,0.09695290858725762,0.08823529411764706,0.05405405405405406,0.06839622641509434,0.10040160642570281,0.10884353741496598,0.061855670103092786,0.08262108262108261,0.052,0.0975609756097561
35.0,0.0967741935483871,0.0933852140077821,0.0881057268722467,0.14732142857142858,0.04381443298969072,0.027247956403269755,0.055401662049861494,0.04201680672268908,0.05405405405405406,0.05660377358490566,0.11646586345381527,0.05102040816326531,0.07560137457044673,0.15954415954415954,0.04,0.09407665505226481
36.0,0.07692307692307693,0.05058365758754864,0.08370044052863436,0.06696428571428571,0.06443298969072164,0.04087193460490463,0.0443213296398892,0.03991596638655462,0.03303303303303303,0.030660377358490566,0.040160642570281124,0.06462585034013606,0.037800687285223365,0.1339031339031339,0.056,0.03484320557491289
37.0,0.034739454094292806,0.058365758754863814,0.05286343612334802,0.07589285714285714,0.028350515463917526,0.01907356948228883,0.024930747922437674,0.03361344537815126,0.021021021021021023,0.025943396226415096,0.05622489959839357,0.04081632653061224,0.027491408934707903,0.042735042735042736,0.016,0.03832752613240418
38.0,0.03722084367245657,0.07003891050583658,0.039647577092511016,0.013392857142857142,0.04639175257731959,0.010899182561307902,0.008310249307479225,0.029411764705882353,0.024024024024024024,0.02358490566037736,0.024096385542168676,0.013605442176870748,0.041237113402061855,0.02564102564102564,0.012,0.03484320557491289
39.0,0.01488833746898263,0.03501945525291829,0.06607929515418502,0.013392857142857142,0.007731958762886598,0.008174386920980926,0.01662049861495845,0.0063025210084033615,0.018018018018018018,0.02830188679245283,0.012048192771084338,0.023809523809523808,0.03436426116838488,0.014245014245014245,0.004,0.017421602787456445
40.0,0.022332506203473945,0.04669260700389105,0.022026431718061675,0.013392857142857142,0.005154639175257732,0.008174386920980926,0.0,0.0,0.018018018018018018,0.007075471698113208,0.008032128514056224,0.013605442176870748,0.010309278350515464,0.005698005698005698,0.004,0.003484320557491289
41.0,0.007444168734491315,0.023346303501945526,0.022026431718061675,0.004464285714285714,0.007731958762886598,0.0,0.0,0.008403361344537815,0.012012012012012012,0.0023584905660377358,0.0,0.006802721088435374,0.0,0.0,0.004,0.0
42.0,0.007444168734491315,0.0,0.004405286343612335,0.0,0.002577319587628866,0.0,0.0,0.0063025210084033615,0.0,0.0047169811320754715,0.0,0.01020408163265306,0.010309278350515464,0.005698005698005698,0.0,0.010452961672473868
43.0,0.0024813895781637717,0.0,0.00881057268722467,0.0,0.0,0.0,0.0,0.0,0.0,0.0,0.004016064257028112,0.003401360544217687,0.0,0.002849002849002849,0.0,0.0
44.0,0.0,0.0,0.0,0.0,0.0,0.0,0.0,0.0,0.0,0.0,0.0,0.0,0.0,0.0,0.0,0.0
45.0,0.0,0.0,0.0,0.0,0.0,0.0,0.0,0.0,0.0,0.0,0.0,0.0,0.0,0.0,0.0,0.0
46.0,0.0,0.0,0.0,0.0,0.0,0.0,0.0,0.0,0.0,0.0,0.0,0.0,0.0,0.0,0.0,0.0
47.0,0.0,0.0,0.0,0.0,0.0,0.0,0.0,0.0,0.0,0.0,0.0,0.0,0.0,0.0,0.0,0.0
48.0,0.0,0.0,0.0,0.0,0.0,0.0,0.0,0.0,0.0,0.0,0.0,0.0,0.0,0.0,0.0,0.0
49.0,0.0,0.0,0.0,0.0,0.0,0.0,0.0,0.0,0.0,0.0,0.0,0.0,0.0,0.0,0.0,0.0
