bins,AACA,AACG,AACC,AACT,GACA,GACG,GACC,GACT,CACA,CACG,CACC,CACT,TACA,TACG,TACC,TACT
-10.0,0.007444168734491315,0.038910505836575876,0.0,0.004464285714285714,0.0,0.0,0.0,0.0,0.006006006006006006,0.0,0.0,0.0,0.013745704467353952,0.005698005698005698,0.004,0.013937282229965157
-9.0,0.007444168734491315,0.01556420233463035,0.00881057268722467,0.004464285714285714,0.005154639175257732,0.0,0.0,0.0,0.015015015015015015,0.009433962264150943,0.0,0.0,0.013745704467353952,0.017094017094017096,0.008,0.006968641114982578
-8.0,0.007444168734491315,0.0311284046692607,0.004405286343612335,0.0,0.023195876288659795,0.0,0.0,0.0021008403361344537,0.018018018018018018,0.0023584905660377358,0.0,0.0,0.003436426116838488,0.014245014245014245,0.02,0.041811846689895474
-7.0,0.02977667493796526,0.01556420233463035,0.02643171806167401,0.03125,0.015463917525773196,0.0,0.0,0.0021008403361344537,0.009009009009009009,0.009433962264150943,0.004016064257028112,0.003401360544217687,0.020618556701030927,0.014245014245014245,0.008,0.041811846689895474
-6.0,0.02977667493796526,0.05058365758754864,0.01762114537444934,0.022321428571428572,0.020618556701030927,0.01907356948228883,0.0,0.01050420168067227,0.015015015015015015,0.01179245283018868,0.0,0.02040816326530612,0.024054982817869417,0.022792022792022793,0.016,0.020905923344947737
-5.0,0.05707196029776675,0.038910505836575876,0.06167400881057269,0.049107142857142856,0.01288659793814433,0.01634877384196185,0.0110803324099723,0.023109243697478993,0.03303303303303303,0.014150943396226415,0.008032128514056224,0.02040816326530612,0.020618556701030927,0.017094017094017096,0.044,0.03832752613240418
-4.0,0.03970223325062035,0.10116731517509728,0.07488986784140969,0.0625,0.01804123711340206,0.02452316076294278,0.0110803324099723,0.014705882352941176,0.03003003003003003,0.02122641509433962,0.008032128514056224,0.030612244897959183,0.027491408934707903,0.04843304843304843,0.06,0.041811846689895474
-3.0,0.07196029776674938,0.07003891050583658,0.07929515418502203,0.08928571428571429,0.01804123711340206,0.02452316076294278,0.027700831024930747,0.031512605042016806,0.08108108108108109,0.030660377358490566,0.01606425702811245,0.05442176870748299,0.037800687285223365,0.042735042735042736,0.044,0.0627177700348432
-2.0,0.08436724565756824,0.07003891050583658,0.14537444933920704,0.10267857142857142,0.04896907216494845,0.05722070844686648,0.04986149584487535,0.037815126050420166,0.07207207207207207,0.04009433962264151,0.06827309236947791,0.0782312925170068,0.08247422680412371,0.037037037037037035,0.1,0.05226480836236934
-1.0,0.10918114143920596,0.08560311284046693,0.13656387665198239,0.12946428571428573,0.04381443298969072,0.09809264305177112,0.07756232686980609,0.06722689075630252,0.1021021021021021,0.09433962264150944,0.06827309236947791,0.1292517006802721,0.09621993127147767,0.07977207977207977,0.076,0.05226480836236934
0.0,0.12903225806451613,0.09727626459143969,0.11013215859030837,0.12053571428571429,0.07731958762886598,0.2561307901907357,0.08310249307479224,0.1134453781512605,0.12012012012012012,0.10613207547169812,0.08835341365461848,0.1292517006802721,0.09278350515463918,0.045584045584045586,0.104,0.059233449477351915
1.0,0.10173697270471464,0.10505836575875487,0.07929515418502203,0.07589285714285714,0.08762886597938144,0.21525885558583105,0.1523545706371191,0.06722689075630252,0.12312312312312312,0.10141509433962265,0.11244979919678715,0.10204081632653061,0.12027491408934708,0.1111111111111111,0.08,0.08710801393728224
2.0,0.0794044665012407,0.10116731517509728,0.06167400881057269,0.09821428571428571,0.15206185567010308,0.09536784741144415,0.13019390581717452,0.10714285714285714,0.10510510510510511,0.07783018867924528,0.08032128514056225,0.11564625850340136,0.07903780068728522,0.09116809116809117,0.12,0.07665505226480836
3.0,0.08933002481389578,0.042801556420233464,0.06607929515418502,0.07142857142857142,0.12371134020618557,0.07901907356948229,0.13019390581717452,0.09663865546218488,0.08708708708708708,0.10377358490566038,0.1285140562248996,0.08843537414965986,0.07216494845360824,0.1623931623931624,0.104,0.1289198606271777
4.0,0.062034739454094295,0.038910505836575876,0.03524229074889868,0.05803571428571429,0.11082474226804123,0.05994550408719346,0.14958448753462603,0.10084033613445378,0.05405405405405406,0.10849056603773585,0.11646586345381527,0.06802721088435375,0.07560137457044673,0.1452991452991453,0.084,0.11498257839721254
5.0,0.02729528535980149,0.023346303501945526,0.04405286343612335,0.008928571428571428,0.07731958762886598,0.021798365122615803,0.09141274238227147,0.11974789915966387,0.06006006006006006,0.08490566037735849,0.0963855421686747,0.04421768707482993,0.06529209621993128,0.06552706552706553,0.032,0.06968641114982578
6.0,0.02977667493796526,0.0311284046692607,0.022026431718061675,0.017857142857142856,0.07474226804123711,0.01907356948228883,0.027700831024930747,0.10714285714285714,0.03003003003003003,0.04245283018867924,0.06827309236947791,0.05102040816326531,0.027491408934707903,0.03418803418803419,0.044,0.027874564459930314
7.0,0.017369727047146403,0.019455252918287938,0.013215859030837005,0.008928571428571428,0.03608247422680412,0.010899182561307902,0.0332409972299169,0.03991596638655462,0.012012012012012012,0.0589622641509434,0.06827309236947791,0.030612244897959183,0.07903780068728522,0.019943019943019943,0.028,0.013937282229965157
8.0,0.0024813895781637717,0.011673151750972763,0.004405286343612335,0.022321428571428572,0.015463917525773196,0.0027247956403269754,0.019390581717451522,0.01050420168067227,0.018018018018018018,0.02830188679245283,0.012048192771084338,0.023809523809523808,0.006872852233676976,0.008547008547008548,0.012,0.010452961672473868
9.0,0.0,0.0038910505836575876,0.00881057268722467,0.017857142857142856,0.02577319587628866,0.0,0.00554016620498615,0.02100840336134454,0.003003003003003003,0.025943396226415096,0.01606425702811245,0.003401360544217687,0.010309278350515464,0.008547008547008548,0.008,0.003484320557491289
10.0,0.009925558312655087,0.0038910505836575876,0.0,0.004464285714285714,0.002577319587628866,0.0,0.0,0.023109243697478993,0.003003003003003003,0.02122641509433962,0.024096385542168676,0.003401360544217687,0.013745704467353952,0.0,0.0,0.013937282229965157
11.0,0.007444168734491315,0.0038910505836575876,0.0,0.0,0.005154639175257732,0.0,0.0,0.0,0.003003003003003003,0.0047169811320754715,0.0,0.003401360544217687,0.013745704467353952,0.008547008547008548,0.004,0.010452961672473868
12.0,0.0,0.0,0.0,0.0,0.005154639175257732,0.0,0.0,0.004201680672268907,0.0,0.0023584905660377358,0.01606425702811245,0.0,0.003436426116838488,0.0,0.0,0.010452961672473868
13.0,0.0,0.0,0.0,0.0,0.0,0.0,0.0,0.0,0.0,0.0,0.0,0.0,0.0,0.0,0.0,0.0
14.0,0.0,0.0,0.0,0.0,0.0,0.0,0.0,0.0,0.0,0.0,0.0,0.0,0.0,0.0,0.0,0.0
15.0,0.0,0.0,0.0,0.0,0.0,0.0,0.0,0.0,0.0,0.0,0.0,0.0,0.0,0.0,0.0,0.0
16.0,0.0,0.0,0.0,0.0,0.0,0.0,0.0,0.0,0.0,0.0,0.0,0.0,0.0,0.0,0.0,0.0
17.0,0.0,0.0,0.0,0.0,0.0,0.0,0.0,0.0,0.0,0.0,0.0,0.0,0.0,0.0,0.0,0.0
18.0,0.0,0.0,0.0,0.0,0.0,0.0,0.0,0.0,0.0,0.0,0.0,0.0,0.0,0.0,0.0,0.0
19.0,0.0,0.0,0.0,0.0,0.0,0.0,0.0,0.0,0.0,0.0,0.0,0.0,0.0,0.0,0.0,0.0
