bins,ACAA,ACAG,ACAC,ACAT,GCAA,GCAG,GCAC,GCAT,CCAA,CCAG,CCAC,CCAT,TCAA,TCAG,TCAC,TCAT
-3.0,0,0,0,0,0,0,0,0,0,0,0,0,0,0,0,0
-2.75,0,0,0,0,0,0,0,0,0,0,0,0,0,0,0,0
-2.5,0,0,0,0,0,0,0,0,0,0,0,0,0,0,0,0
-2.25,0,0,0,0,0,0,0,0,0,0,0,0,0,0,0,0
-2.0,0,1,0,0,0,0,0,0,0,0,0,0,0,0,0,0
-1.75,0,2,2,3,0,0,0,0,0,1,0,1,1,0,0,2
-1.5,12,8,4,7,0,0,1,1,0,2,1,0,3,1,0,10
-1.25,13,16,10,21,4,1,6,10,1,3,2,1,13,2,1,87
-1.0,32,15,25,37,3,4,10,20,4,6,7,8,6,6,7,22
-0.75,34,41,24,47,13,72,23,53,8,7,29,14,14,15,22,28
-0.5,45,58,39,54,15,18,34,180,25,9,41,28,8,34,32,22
-0.25,33,59,57,43,24,29,54,134,10,17,55,30,15,74,36,30
0.0,30,53,55,47,33,41,53,53,25,21,42,26,24,125,63,28
0.25,38,72,29,26,44,31,38,31,33,16,47,18,50,117,59,41
0.5,42,41,35,26,38,33,37,25,29,25,44,30,45,48,39,29
0.75,14,28,16,15,24,22,38,6,30,42,23,20,36,55,21,45
1.0,10,26,5,7,16,19,14,0,23,17,16,13,27,28,19,37
1.25,14,9,11,6,9,15,3,0,7,15,12,6,35,15,26,9
1.5,6,3,4,2,2,4,4,0,5,17,3,6,23,12,11,7
1.75,0,1,3,2,1,5,0,0,4,6,2,39,10,13,5,4
2.0,2,0,1,0,3,3,0,0,4,5,0,13,6,0,3,0
2.25,1,0,0,0,2,1,0,0,7,7,0,0,2,0,3,2
2.5,0,0,0,0,0,0,0,0,1,1,0,1,0,0,0,0
2.75,0,0,0,0,0,0,0,0,0,0,0,0,0,0,0,0
