bins,ACAA,ACAG,ACAC,ACAT,GCAA,GCAG,GCAC,GCAT,CCAA,CCAG,CCAC,CCAT,TCAA,TCAG,TCAC,TCAT
20.0,0,0,0,0,0,0,3,0,0,0,0,0,1,0,0,0
21.0,3,0,1,0,1,0,8,0,1,0,0,0,2,0,2,0
22.0,6,0,2,0,0,3,1,0,0,0,0,0,3,0,1,1
23.0,3,0,1,2,0,2,3,0,1,0,2,0,3,0,3,3
24.0,4,4,5,1,1,2,1,0,4,2,7,0,7,0,3,1
25.0,2,4,1,5,2,3,6,0,5,2,2,4,1,0,5,7
26.0,7,6,4,5,2,1,9,0,5,4,1,4,9,2,3,11
27.0,9,4,6,3,5,3,6,0,7,5,3,4,9,3,12,24
28.0,10,15,8,4,6,6,7,3,4,4,5,3,12,8,12,26
29.0,12,14,9,9,7,8,14,3,9,7,8,3,18,7,10,53
30.0,13,24,20,9,12,6,22,12,11,11,20,9,13,18,21,29
31.0,17,27,22,18,15,20,24,17,16,13,22,11,24,30,25,21
32.0,25,41,29,11,20,24,17,22,19,21,32,11,24,60,41,17
33.0,32,41,24,15,26,31,29,40,25,14,38,11,50,69,25,23
34.0,24,48,29,41,22,50,39,36,25,17,42,23,25,66,21,30
35.0,27,54,33,41,16,21,27,38,10,22,41,25,14,88,29,29
36.0,26,40,22,29,18,15,19,65,9,17,27,32,15,63,31,29
37.0,22,27,11,30,19,29,17,115,10,14,26,31,30,41,19,23
38.0,20,41,27,22,13,17,23,85,8,11,16,31,15,37,23,19
39.0,18,15,20,29,11,11,7,39,7,8,12,22,6,10,18,19
40.0,12,11,13,18,13,11,16,12,9,8,7,6,15,12,10,16
41.0,14,5,13,15,5,11,7,12,10,7,4,10,6,16,14,11
42.0,5,5,9,15,4,6,6,11,6,5,4,2,7,10,6,5
43.0,3,3,6,11,2,7,0,1,8,9,2,3,0,4,3,2
44.0,3,4,3,6,6,2,1,2,2,7,1,5,7,1,4,2
45.0,3,0,2,0,1,3,3,0,2,3,2,2,1,0,2,0
46.0,4,0,0,1,0,3,0,0,0,3,0,0,0,0,0,1
47.0,2,0,0,3,3,1,0,0,2,2,0,2,0,0,3,1
48.0,0,0,0,0,1,2,0,0,1,1,0,0,1,0,1,0
49.0,0,0,0,0,0,0,0,0,0,0,0,0,0,0,0,0
