bins,AACA,AACG,AACC,AACT,GACA,GACG,GACC,GACT,CACA,CACG,CACC,CACT,TACA,TACG,TACC,TACT
20.0,0,0,0,0,0,0,0,0,1,1,0,0,2,0,0,0
21.0,1,0,0,0,2,2,0,0,3,2,1,0,1,1,0,0
22.0,10,0,0,0,2,4,0,1,3,6,3,3,4,1,1,2
23.0,3,1,2,2,3,4,0,13,9,6,4,0,4,3,2,2
24.0,3,0,0,3,4,2,3,4,13,2,2,5,11,7,2,7
25.0,7,2,3,4,12,5,5,16,9,12,6,11,12,13,6,6
26.0,8,8,1,2,9,16,7,6,13,18,7,9,14,12,10,3
27.0,16,5,4,5,14,27,11,9,18,15,13,17,22,15,17,10
28.0,12,7,5,9,23,24,26,16,35,25,16,16,20,17,22,15
29.0,25,9,13,17,45,43,36,17,36,47,20,24,35,12,31,17
30.0,44,13,9,16,49,71,37,54,34,43,20,34,25,18,25,31
31.0,42,29,18,18,39,42,52,65,37,64,30,23,19,17,31,33
32.0,41,31,28,19,50,41,43,80,24,48,16,30,18,32,26,27
33.0,43,29,27,29,35,18,52,74,20,30,21,23,17,37,30,39
34.0,27,26,29,25,21,26,35,42,18,29,25,32,18,29,13,28
35.0,39,24,20,33,17,10,20,20,18,24,29,15,22,56,10,27
36.0,31,13,19,15,25,15,16,19,11,13,10,19,11,47,14,10
37.0,14,15,12,17,11,7,9,16,7,11,14,12,8,15,4,11
38.0,15,18,9,3,18,4,3,14,8,10,6,4,12,9,3,10
39.0,6,9,15,3,3,3,6,3,6,12,3,7,10,5,1,5
40.0,9,12,5,3,2,3,0,0,6,3,2,4,3,2,1,1
41.0,3,6,5,1,3,0,0,4,4,1,0,2,0,0,1,0
42.0,3,0,1,0,1,0,0,3,0,2,0,3,3,2,0,3
43.0,1,0,2,0,0,0,0,0,0,0,1,1,0,1,0,0
44.0,0,0,0,0,0,0,0,0,0,0,0,0,0,0,0,0
45.0,0,0,0,0,0,0,0,0,0,0,0,0,0,0,0,0
46.0,0,0,0,0,0,0,0,0,0,0,0,0,0,0,0,0
47.0,0,0,0,0,0,0,0,0,0,0,0,0,0,0,0,0
48.0,0,0,0,0,0,0,0,0,0,0,0,0,0,0,0,0
49.0,0,0,0,0,0,0,0,0,0,0,0,0,0,0,0,0
