bins,ACAA,ACAG,ACAC,ACAT,GCAA,GCAG,GCAC,GCAT,CCAA,CCAG,CCAC,CCAT,TCAA,TCAG,TCAC,TCAT
20.0,0.0,0.0,0.0,0.0,0.0,0.0,0.009523809523809525,0.0,0.0,0.0,0.0,0.0,0.0031446540880503146,0.0,0.0,0.0
21.0,0.009202453987730062,0.0,0.003125,0.0,0.004329004329004329,0.0,0.025396825396825397,0.0,0.004629629629629629,0.0,0.0,0.0,0.006289308176100629,0.0,0.005763688760806916,0.0
22.0,0.018404907975460124,0.0,0.00625,0.0,0.0,0.010067114093959731,0.0031746031746031746,0.0,0.0,0.0,0.0,0.0,0.009433962264150943,0.0,0.002881844380403458,0.0024813895781637717
23.0,0.009202453987730062,0.0,0.003125,0.0058309037900874635,0.0,0.006711409395973154,0.009523809523809525,0.0,0.004629629629629629,0.0,0.006172839506172839,0.0,0.009433962264150943,0.0,0.008645533141210375,0.007444168734491315
24.0,0.012269938650306749,0.009237875288683603,0.015625,0.0029154518950437317,0.004329004329004329,0.006711409395973154,0.0031746031746031746,0.0,0.018518518518518517,0.009216589861751152,0.021604938271604937,0.0,0.0220125786163522,0.0,0.008645533141210375,0.0024813895781637717
25.0,0.006134969325153374,0.009237875288683603,0.003125,0.014577259475218658,0.008658008658008658,0.010067114093959731,0.01904761904761905,0.0,0.023148148148148147,0.009216589861751152,0.006172839506172839,0.015748031496062992,0.0031446540880503146,0.0,0.01440922190201729,0.017369727047146403
26.0,0.02147239263803681,0.013856812933025405,0.0125,0.014577259475218658,0.008658008658008658,0.003355704697986577,0.02857142857142857,0.0,0.023148148148148147,0.018433179723502304,0.0030864197530864196,0.015748031496062992,0.02830188679245283,0.003669724770642202,0.008645533141210375,0.02729528535980149
27.0,0.027607361963190184,0.009237875288683603,0.01875,0.008746355685131196,0.021645021645021644,0.010067114093959731,0.01904761904761905,0.0,0.032407407407407406,0.02304147465437788,0.009259259259259259,0.015748031496062992,0.02830188679245283,0.005504587155963303,0.0345821325648415,0.05955334987593052
28.0,0.03067484662576687,0.03464203233256351,0.025,0.011661807580174927,0.025974025974025976,0.020134228187919462,0.022222222222222223,0.005847953216374269,0.018518518518518517,0.018433179723502304,0.015432098765432098,0.011811023622047244,0.03773584905660377,0.014678899082568808,0.0345821325648415,0.06451612903225806
29.0,0.03680981595092025,0.03233256351039261,0.028125,0.026239067055393587,0.030303030303030304,0.026845637583892617,0.044444444444444446,0.005847953216374269,0.041666666666666664,0.03225806451612903,0.024691358024691357,0.011811023622047244,0.05660377358490566,0.012844036697247707,0.02881844380403458,0.1315136476426799
30.0,0.03987730061349693,0.05542725173210162,0.0625,0.026239067055393587,0.05194805194805195,0.020134228187919462,0.06984126984126984,0.023391812865497075,0.05092592592592592,0.05069124423963134,0.06172839506172839,0.03543307086614173,0.040880503144654086,0.03302752293577982,0.06051873198847262,0.07196029776674938
31.0,0.05214723926380368,0.06235565819861432,0.06875,0.052478134110787174,0.06493506493506493,0.06711409395973154,0.0761904761904762,0.03313840155945419,0.07407407407407407,0.059907834101382486,0.06790123456790123,0.04330708661417323,0.07547169811320754,0.05504587155963303,0.07204610951008646,0.052109181141439205
32.0,0.07668711656441718,0.09468822170900693,0.090625,0.03206997084548105,0.08658008658008658,0.08053691275167785,0.05396825396825397,0.042884990253411304,0.08796296296296297,0.0967741935483871,0.09876543209876543,0.04330708661417323,0.07547169811320754,0.11009174311926606,0.11815561959654179,0.04218362282878412
33.0,0.09815950920245399,0.09468822170900693,0.075,0.043731778425655975,0.11255411255411256,0.1040268456375839,0.09206349206349207,0.07797270955165692,0.11574074074074074,0.06451612903225806,0.11728395061728394,0.04330708661417323,0.15723270440251572,0.12660550458715597,0.07204610951008646,0.05707196029776675
34.0,0.0736196319018405,0.11085450346420324,0.090625,0.119533527696793,0.09523809523809523,0.16778523489932887,0.12380952380952381,0.07017543859649122,0.11574074074074074,0.07834101382488479,0.12962962962962962,0.09055118110236221,0.07861635220125786,0.12110091743119267,0.06051873198847262,0.07444168734491315
35.0,0.08282208588957055,0.12471131639722864,0.103125,0.119533527696793,0.06926406926406926,0.07046979865771812,0.08571428571428572,0.07407407407407407,0.046296296296296294,0.10138248847926268,0.12654320987654322,0.0984251968503937,0.0440251572327044,0.1614678899082569,0.08357348703170028,0.07196029776674938
36.0,0.07975460122699386,0.09237875288683603,0.06875,0.08454810495626822,0.07792207792207792,0.050335570469798654,0.06031746031746032,0.1267056530214425,0.041666666666666664,0.07834101382488479,0.08333333333333333,0.12598425196850394,0.04716981132075472,0.11559633027522936,0.0893371757925072,0.07196029776674938
37.0,0.06748466257668712,0.06235565819861432,0.034375,0.08746355685131195,0.08225108225108226,0.09731543624161074,0.05396825396825397,0.22417153996101363,0.046296296296296294,0.06451612903225806,0.08024691358024691,0.1220472440944882,0.09433962264150944,0.07522935779816514,0.05475504322766571,0.05707196029776675
38.0,0.06134969325153374,0.09468822170900693,0.084375,0.0641399416909621,0.05627705627705628,0.05704697986577181,0.07301587301587302,0.16569200779727095,0.037037037037037035,0.05069124423963134,0.04938271604938271,0.1220472440944882,0.04716981132075472,0.06788990825688074,0.06628242074927954,0.04714640198511166
39.0,0.05521472392638037,0.03464203233256351,0.0625,0.08454810495626822,0.047619047619047616,0.03691275167785235,0.022222222222222223,0.07602339181286549,0.032407407407407406,0.03686635944700461,0.037037037037037035,0.08661417322834646,0.018867924528301886,0.01834862385321101,0.05187319884726225,0.04714640198511166
40.0,0.03680981595092025,0.025404157043879907,0.040625,0.052478134110787174,0.05627705627705628,0.03691275167785235,0.050793650793650794,0.023391812865497075,0.041666666666666664,0.03686635944700461,0.021604938271604937,0.023622047244094488,0.04716981132075472,0.022018348623853212,0.02881844380403458,0.03970223325062035
41.0,0.04294478527607362,0.011547344110854504,0.040625,0.043731778425655975,0.021645021645021644,0.03691275167785235,0.022222222222222223,0.023391812865497075,0.046296296296296294,0.03225806451612903,0.012345679012345678,0.03937007874015748,0.018867924528301886,0.029357798165137616,0.040345821325648415,0.02729528535980149
42.0,0.015337423312883436,0.011547344110854504,0.028125,0.043731778425655975,0.017316017316017316,0.020134228187919462,0.01904761904761905,0.021442495126705652,0.027777777777777776,0.02304147465437788,0.012345679012345678,0.007874015748031496,0.0220125786163522,0.01834862385321101,0.01729106628242075,0.01240694789081886
43.0,0.009202453987730062,0.006928406466512702,0.01875,0.03206997084548105,0.008658008658008658,0.02348993288590604,0.0,0.001949317738791423,0.037037037037037035,0.041474654377880185,0.006172839506172839,0.011811023622047244,0.0,0.007339449541284404,0.008645533141210375,0.004962779156327543
44.0,0.009202453987730062,0.009237875288683603,0.009375,0.01749271137026239,0.025974025974025976,0.006711409395973154,0.0031746031746031746,0.003898635477582846,0.009259259259259259,0.03225806451612903,0.0030864197530864196,0.01968503937007874,0.0220125786163522,0.001834862385321101,0.011527377521613832,0.004962779156327543
45.0,0.009202453987730062,0.0,0.00625,0.0,0.004329004329004329,0.010067114093959731,0.009523809523809525,0.0,0.009259259259259259,0.013824884792626729,0.006172839506172839,0.007874015748031496,0.0031446540880503146,0.0,0.005763688760806916,0.0
46.0,0.012269938650306749,0.0,0.0,0.0029154518950437317,0.0,0.010067114093959731,0.0,0.0,0.0,0.013824884792626729,0.0,0.0,0.0,0.0,0.0,0.0024813895781637717
47.0,0.006134969325153374,0.0,0.0,0.008746355685131196,0.012987012987012988,0.003355704697986577,0.0,0.0,0.009259259259259259,0.009216589861751152,0.0,0.007874015748031496,0.0,0.0,0.008645533141210375,0.0024813895781637717
48.0,0.0,0.0,0.0,0.0,0.004329004329004329,0.006711409395973154,0.0,0.0,0.004629629629629629,0.004608294930875576,0.0,0.0,0.0031446540880503146,0.0,0.002881844380403458,0.0
49.0,0.0,0.0,0.0,0.0,0.0,0.0,0.0,0.0,0.0,0.0,0.0,0.0,0.0,0.0,0.0,0.0
