bins,ACAA,ACAG,ACAC,ACAT,GCAA,GCAG,GCAC,GCAT,CCAA,CCAG,CCAC,CCAT,TCAA,TCAG,TCAC,TCAT
-10.0,1,0,0,2,4,0,2,0,0,2,0,0,3,0,0,0
-9.0,2,0,2,2,1,0,2,0,4,3,0,1,4,0,1,0
-8.0,4,0,2,9,1,1,0,0,2,4,1,1,2,0,2,0
-7.0,4,1,3,1,4,6,3,0,0,3,0,4,3,0,4,0
-6.0,2,3,5,0,3,2,2,6,1,6,2,2,4,0,3,3
-5.0,6,2,2,9,3,3,5,5,4,3,2,2,2,3,4,2
-4.0,4,5,6,5,4,3,5,5,3,8,7,2,1,4,8,1
-3.0,13,7,8,6,3,4,8,4,6,13,8,6,5,6,5,7
-2.0,12,6,11,20,7,13,7,5,4,7,9,12,6,14,7,10
-1.0,19,12,13,12,6,14,11,8,12,11,19,8,8,6,2,12
0.0,22,19,24,21,14,11,10,17,10,13,26,14,7,13,8,9
1.0,21,22,35,23,16,9,18,17,10,14,19,9,29,20,11,14
2.0,18,25,26,13,18,25,18,22,13,23,34,23,29,32,23,18
3.0,26,23,20,22,21,22,22,37,8,18,23,25,20,45,18,15
4.0,35,44,15,28,23,27,26,61,16,22,14,25,16,53,23,27
5.0,25,31,23,37,21,25,26,76,7,13,18,30,15,40,36,37
6.0,21,35,17,28,21,19,23,77,12,12,24,27,19,37,25,47
7.0,21,37,24,22,14,26,21,52,7,17,19,10,25,42,26,39
8.0,10,23,26,20,15,44,19,35,6,6,26,18,31,57,31,57
9.0,9,26,19,17,9,20,15,16,14,6,28,12,12,72,31,41
10.0,9,39,8,17,13,9,20,14,7,3,20,7,20,44,23,24
11.0,10,21,5,9,1,5,14,14,14,6,4,1,17,32,23,16
12.0,10,12,9,4,6,3,11,12,8,4,3,3,17,8,9,9
13.0,6,16,12,6,1,3,8,13,18,0,5,2,14,7,6,6
14.0,5,8,1,4,2,0,3,9,8,0,5,4,0,5,8,2
15.0,4,4,1,1,0,0,2,3,11,0,5,1,2,1,6,6
16.0,2,6,0,0,0,3,5,5,3,0,1,3,1,3,2,1
17.0,1,4,1,4,0,1,1,0,0,0,2,1,4,1,1,0
18.0,4,2,1,0,0,0,2,0,2,0,0,1,0,0,1,0
19.0,0,0,1,1,0,0,6,0,4,0,0,0,1,0,0,0
