,slide,twist,step_tetramer
0,0.9807,39.8198,CCAT
1,-0.0162,38.8914,CCAT
2,0.0215,28.7136,CCAT
3,-0.4504,41.73,CCAT
4,0.5639,35.1965,CCAT
5,-0.3973,38.2559,CCAT
6,-0.2745,33.657,CCAT
7,1.8518,34.8796,CCAT
8,0.3799,37.874,CCAT
9,0.5014,31.3011,CCAT
10,1.2508,41.6687,CCAT
11,1.9399,37.1906,CCAT
12,2.0001,34.9204,CCAT
13,-0.3331,28.6666,CCAT
14,0.0101,39.9898,CCAT
15,2.0167,38.7283,CCAT
16,-0.6927,34.4528,CCAT
17,1.9235,38.0386,CCAT
18,0.8027,34.4321,CCAT
19,-0.1624,34.9917,CCAT
20,1.8851,37.3021,CCAT
21,1.1208,40.2497,CCAT
22,2.0289,36.826,CCAT
23,0.5673,36.2946,CCAT
24,1.0054,35.4869,CCAT
25,1.5878,43.3265,CCAT
26,1.9697,37.1818,CCAT
27,1.0455,36.5554,CCAT
28,0.4223,39.0661,CCAT
29,0.2539,31.9102,CCAT
30,1.0347,39.4236,CCAT
31,-0.353,27.4857,CCAT
32,0.0362,30.3827,CCAG
33,-0.3051,27.0557,CCAG
34,-0.3189,31.3902,CCAG
35,-0.5028,35.0921,CCAG
36,1.716,44.5916,CCAG
37,1.723,43.672,CCAG
38,0.7959,34.2808,CCAG
39,2.5125,42.154,CCAG
40,0.8061,29.4458,CCAG
41,2.1526,41.5894,CCAG
42,0.0873,30.8713,CCAG
43,-1.0486,28.7235,CCAG
44,1.3842,35.5377,CCAG
45,1.0577,37.2382,CCAG
46,-0.1703,32.1565,CCAG
47,2.329,43.7771,CCAG
48,0.8497,27.9799,CCAG
49,1.1105,34.749,CCAG
50,1.4713,42.5967,CCAG
51,-1.2604,29.8045,CCAG
52,1.1959,47.1607,CCAG
53,0.9209,35.5225,CCAG
54,1.1981,30.3126,CCAG
55,1.3241,36.1929,CCAG
56,0.1145,37.6073,CCAG
57,0.924,31.3277,CCAG
58,-0.8354,26.7737,CCAG
59,1.4793,35.8924,CCAG
60,0.4519,34.9554,CCAG
61,0.0207,32.6833,CCAG
62,0.5627,44.9723,CCAG
63,0.4465,39.0747,CCAG
64,0.1474,39.4584,ACAT
65,0.7771,41.6505,ACAT
66,0.3346,40.3889,ACAT
67,0.5965,38.4563,ACAT
68,-1.5463,32.3639,ACAT
69,-0.0028,34.8268,ACAT
70,0.0161,36.4534,ACAT
71,0.0448,35.239,ACAT
72,-0.6544,34.5913,ACAT
73,0.5043,37.092,ACAT
74,-0.5911,35.473,ACAT
75,0.835,31.5582,ACAT
76,-0.4025,38.3966,ACAT
77,1.302,40.6878,ACAT
78,-0.2697,38.1884,ACAT
79,1.7574,38.9286,ACAT
80,0.0991,39.5625,ACAT
81,0.7748,41.9633,ACAT
82,0.297,41.1433,ACAT
83,0.4608,39.0424,ACAT
84,-0.7991,37.6653,ACAT
85,-0.7511,31.626,ACAT
86,0.6545,44.0233,ACAT
87,0.3841,34.2809,ACAT
88,-0.2575,36.3583,ACAT
89,0.5473,38.3974,ACAT
90,-0.3803,37.9929,ACAT
91,-0.2403,33.4192,ACAT
92,-0.0521,33.8843,ACAT
93,-0.4034,30.1299,ACAT
94,-1.3268,29.9763,ACAT
95,-0.8146,39.4682,ACAT
96,1.7373,36.974,TCAA
97,-1.0648,29.6438,TCAA
98,1.4939,36.4915,TCAA
99,0.527,33.4882,TCAA
100,0.6046,27.7811,TCAA
101,0.1907,36.4066,TCAA
102,-0.7298,30.2593,TCAA
103,-0.6945,25.0069,TCAA
104,0.1005,31.1619,TCAA
105,-0.5735,28.1322,TCAA
106,0.4605,33.5907,TCAA
107,0.4828,40.7396,TCAA
108,0.4967,31.3231,TCAA
109,1.8532,38.6832,TCAA
110,0.757,32.6132,TCAA
111,0.1444,34.8558,TCAA
112,0.1952,37.3803,TCAA
113,-0.0468,31.6014,TCAA
114,-0.8971,28.7861,TCAA
115,-0.779,21.3869,TCAA
116,-1.6508,28.9077,TCAA
117,0.438,37.8207,TCAA
118,-1.1452,30.2716,TCAA
119,-1.4195,24.3178,TCAA
120,-0.4082,37.5816,TCAA
121,0.7095,40.2276,TCAA
122,1.3755,38.755,TCAA
123,0.4934,30.3618,TCAA
124,0.3625,38.256,TCAA
125,-1.156,29.8734,TCAA
126,-0.5901,37.6304,TCAA
127,0.7732,32.258,TCAA
128,0.6429,31.8672,TCAC
129,-0.1136,39.4894,TCAC
130,-0.263,32.7729,TCAC
131,-0.6085,38.7189,TCAC
132,-0.2903,33.9827,TCAC
133,0.7228,32.3687,TCAC
134,-0.9084,39.2194,TCAC
135,0.4054,33.6062,TCAC
136,-0.5443,36.0946,TCAC
137,-0.0918,38.4439,TCAC
138,-0.7161,30.9029,TCAC
139,-0.105,33.329,TCAC
140,0.6114,33.2479,TCAC
141,0.1286,32.7343,TCAC
142,0.6257,35.7761,TCAC
143,1.4634,36.4649,TCAC
144,0.0123,31.9953,TCAC
145,-0.8826,31.6316,TCAC
146,-0.2141,32.0052,TCAC
147,-0.5513,31.5372,TCAC
148,-0.4752,28.1549,TCAC
149,0.2683,26.3922,TCAC
150,0.453,27.2625,TCAC
151,0.5452,40.0617,TCAC
152,-0.3977,27.7818,TCAC
153,-0.255,21.0584,TCAC
154,0.4256,32.0481,TCAC
155,0.7266,37.796,TCAC
156,0.2503,36.7755,TCAC
157,0.2403,38.3863,TCAC
158,0.3256,30.031,TCAC
159,-0.4118,28.125,TCAC
160,-0.4488,35.3135,GCAC
161,1.049,39.3476,GCAC
162,0.6087,30.1229,GCAC
163,0.2981,32.1069,GCAC
164,0.0729,33.718,GCAC
165,0.0114,26.5571,GCAC
166,0.985,37.461,GCAC
167,0.3146,41.1763,GCAC
168,1.0865,41.7017,GCAC
169,0.443,33.7725,GCAC
170,0.792,39.9179,GCAC
171,-0.2121,36.0534,GCAC
172,0.5148,40.486,GCAC
173,0.1037,34.7042,GCAC
174,0.0022,38.3717,GCAC
175,-0.0479,30.2052,GCAC
176,0.5719,29.751,GCAC
177,0.906,35.6512,GCAC
178,0.4962,38.1116,GCAC
179,0.0862,35.734,GCAC
180,0.1188,29.7795,GCAC
181,0.6733,30.4691,GCAC
182,0.223,32.8562,GCAC
183,-0.5366,30.3115,GCAC
184,-0.4376,34.1263,GCAC
185,-0.3819,33.6862,GCAC
186,-0.0033,33.671,GCAC
187,-0.5788,27.5986,GCAC
188,0.3305,38.4976,GCAC
189,0.4991,31.9958,GCAC
190,0.1163,34.6345,GCAC
191,-0.1694,20.7653,GCAC
192,0.3444,39.7503,GCAA
193,0.9842,31.2446,GCAA
194,0.5507,37.3921,GCAA
195,0.2492,39.1791,GCAA
196,-0.3726,37.2805,GCAA
197,0.8261,36.2161,GCAA
198,0.5938,31.8631,GCAA
199,0.643,36.1781,GCAA
200,0.151,33.1727,GCAA
201,0.7808,26.7428,GCAA
202,0.3603,41.1759,GCAA
203,0.8776,31.9257,GCAA
204,0.4795,36.6888,GCAA
205,0.1523,37.3469,GCAA
206,0.5917,33.5802,GCAA
207,1.4504,34.4981,GCAA
208,0.0279,44.5095,GCAA
209,0.9129,35.6049,GCAA
210,0.768,32.0391,GCAA
211,0.5844,33.8803,GCAA
212,0.5493,40.2454,GCAA
213,-0.1234,29.5985,GCAA
214,1.3977,45.5449,GCAA
215,0.2868,29.6934,GCAA
216,0.5147,32.4712,GCAA
217,-0.5999,29.3781,GCAA
218,0.2033,32.256,GCAA
219,0.2002,36.6295,GCAA
220,0.6653,44.5321,GCAA
221,0.9116,42.2623,GCAA
222,0.2747,32.7326,GCAA
223,2.2918,47.5127,GCAA
224,0.1965,27.5028,GCAG
225,0.7604,36.6879,GCAG
226,0.1483,32.4318,GCAG
227,0.7124,28.8332,GCAG
228,-0.6221,34.6373,GCAG
229,0.1764,28.9182,GCAG
230,1.0394,34.2076,GCAG
231,0.4514,32.5482,GCAG
232,-0.6455,34.1199,GCAG
233,0.6053,40.129,GCAG
234,1.0532,40.6667,GCAG
235,-0.8935,25.8684,GCAG
236,1.1159,41.1657,GCAG
237,1.3969,34.9635,GCAG
238,-0.9302,31.3566,GCAG
239,0.0438,29.4437,GCAG
240,0.208,28.9884,GCAG
241,0.3353,38.5798,GCAG
242,-0.2741,36.2601,GCAG
243,0.992,38.9557,GCAG
244,0.4833,36.7189,GCAG
245,0.8527,28.7047,GCAG
246,1.2985,39.6052,GCAG
247,1.2203,33.6698,GCAG
248,-0.1375,30.0696,GCAG
249,-0.6284,33.3971,GCAG
250,2.2422,45.7041,GCAG
251,0.3201,32.9755,GCAG
252,0.2428,31.0891,GCAG
253,-0.1015,31.0883,GCAG
254,-0.3951,34.7816,GCAG
255,0.233,38.9443,GCAG
256,0.3271,36.1068,TCAG
257,1.4412,35.6362,TCAG
258,0.0415,30.3769,TCAG
259,-0.0359,37.0384,TCAG
260,-0.061,32.5939,TCAG
261,0.3499,33.6594,TCAG
262,0.3908,38.2266,TCAG
263,0.3987,32.8538,TCAG
264,0.2378,41.0238,TCAG
265,0.0175,33.69,TCAG
266,0.243,33.7019,TCAG
267,0.0037,34.9701,TCAG
268,0.1266,32.0159,TCAG
269,0.4629,39.1589,TCAG
270,-0.1282,34.6613,TCAG
271,-0.0272,33.9624,TCAG
272,0.1978,34.2139,TCAG
273,1.559,37.4142,TCAG
274,0.0225,35.7722,TCAG
275,0.8344,30.5863,TCAG
276,-0.1522,33.2986,TCAG
277,0.451,31.9339,TCAG
278,0.3349,33.8011,TCAG
279,1.1344,33.2444,TCAG
280,0.0904,34.7178,TCAG
281,0.422,34.2097,TCAG
282,0.2428,38.896,TCAG
283,0.5894,42.4942,TCAG
284,-0.1929,34.4716,TCAG
285,-0.3644,27.923,TCAG
286,0.2874,33.8488,TCAG
287,0.5913,34.1966,TCAG
288,-0.0207,37.4267,GCAT
289,-0.1059,36.2995,GCAT
290,-0.0421,35.958,GCAT
291,0.5641,35.0232,GCAT
292,-0.0588,36.1534,GCAT
293,-0.2748,42.8008,GCAT
294,-0.1935,32.8226,GCAT
295,0.2619,34.4663,GCAT
296,0.5222,31.0202,GCAT
297,-0.1662,41.8878,GCAT
298,-0.4932,33.2278,GCAT
299,-0.0844,38.2761,GCAT
300,-0.0411,38.2797,GCAT
301,-0.2936,34.773,GCAT
302,-0.7661,35.0128,GCAT
303,-1.0274,33.3478,GCAT
304,-0.1149,37.6832,GCAT
305,0.3412,38.4956,GCAT
306,0.0648,38.3722,GCAT
307,-0.4674,41.0844,GCAT
308,0.2199,31.435,GCAT
309,0.0371,39.5287,GCAT
310,-0.7955,37.5288,GCAT
311,-1.0618,36.1272,GCAT
312,-0.5386,32.6918,GCAT
313,-0.2079,30.414,GCAT
314,0.6545,40.8677,GCAT
315,-0.0268,39.2944,GCAT
316,0.0348,33.6309,GCAT
317,-0.3439,37.7558,GCAT
318,-0.1568,38.8532,GCAT
319,-0.4828,37.3455,GCAT
320,-0.1708,34.4494,ACAG
321,-0.5511,29.8124,ACAG
322,-0.1642,36.7609,ACAG
323,-0.2665,34.0286,ACAG
324,-0.4504,35.5347,ACAG
325,0.3695,40.8992,ACAG
326,1.1397,44.2262,ACAG
327,0.4439,37.0444,ACAG
328,0.3301,32.7268,ACAG
329,-0.2152,32.7971,ACAG
330,-0.0451,25.294,ACAG
331,0.5947,35.0858,ACAG
332,-0.8435,41.9999,ACAG
333,0.2036,37.6954,ACAG
334,-0.4761,38.4714,ACAG
335,-0.4159,32.5872,ACAG
336,-0.0389,37.261,ACAG
337,0.311,35.2287,ACAG
338,0.0521,39.5414,ACAG
339,0.3097,35.2261,ACAG
340,-0.7212,35.0203,ACAG
341,-0.3279,33.1072,ACAG
342,0.1276,38.5486,ACAG
343,-0.4467,32.0286,ACAG
344,-1.0929,38.1586,ACAG
345,0.7219,31.7691,ACAG
346,0.5366,38.2031,ACAG
347,0.8771,32.2572,ACAG
348,1.0,26.485,ACAG
349,-1.2549,30.3853,ACAG
350,1.0984,27.7537,ACAG
351,-0.1431,36.3284,ACAG
352,0.7157,39.1377,ACAC
353,0.2771,38.7338,ACAC
354,0.8928,33.1684,ACAC
355,-0.1356,22.9387,ACAC
356,-0.7506,31.7517,ACAC
357,2.0098,41.106,ACAC
358,1.0296,30.2561,ACAC
359,-0.0116,30.9914,ACAC
360,0.4544,32.9699,ACAC
361,-0.0694,33.5579,ACAC
362,-0.5788,24.42,ACAC
363,-0.0991,42.6101,ACAC
364,-0.2817,37.6424,ACAC
365,0.1612,35.8486,ACAC
366,-0.4281,27.0565,ACAC
367,0.8613,37.6108,ACAC
368,-0.166,35.1635,ACAC
369,0.2045,32.4532,ACAC
370,-0.8319,34.6772,ACAC
371,0.2077,37.5547,ACAC
372,-0.2896,40.819,ACAC
373,0.0663,36.8662,ACAC
374,0.4574,30.8334,ACAC
375,0.199,29.6597,ACAC
376,0.1683,45.7024,ACAC
377,0.3606,33.5472,ACAC
378,0.1785,34.7533,ACAC
379,-0.1428,31.2452,ACAC
380,1.4145,40.4754,ACAC
381,-0.4622,29.5652,ACAC
382,-0.1518,37.0968,ACAC
383,0.6351,29.2252,ACAC
384,-0.7122,35.1652,ACAA
385,-0.362,40.3737,ACAA
386,0.8395,31.614,ACAA
387,-1.368,28.1096,ACAA
388,-0.8497,30.1935,ACAA
389,-0.3051,36.5247,ACAA
390,0.2322,34.5522,ACAA
391,-0.22,40.3653,ACAA
392,-0.2764,35.219,ACAA
393,-0.142,35.5733,ACAA
394,-0.8627,30.8316,ACAA
395,1.0561,44.694,ACAA
396,-0.4619,32.1004,ACAA
397,0.6618,34.7369,ACAA
398,0.5257,33.6032,ACAA
399,-0.3963,35.6254,ACAA
400,0.3197,36.8988,ACAA
401,1.3069,36.0764,ACAA
402,-0.6414,32.9457,ACAA
403,-0.9439,21.1198,ACAA
404,-1.006,38.1851,ACAA
405,0.6641,31.5496,ACAA
406,0.7411,33.4135,ACAA
407,-1.0274,33.9878,ACAA
408,0.5122,35.2011,ACAA
409,0.4552,22.645,ACAA
410,-0.3187,41.8513,ACAA
411,-0.0371,41.1209,ACAA
412,-0.4009,35.2496,ACAA
413,0.3149,34.424,ACAA
414,0.182,32.5374,ACAA
415,-1.3609,30.2081,ACAA
416,1.1628,39.4841,TCAT
417,1.177,32.6674,TCAT
418,0.1116,34.0347,TCAT
419,-1.1747,29.1543,TCAT
420,-1.1159,29.2909,TCAT
421,0.9811,36.5946,TCAT
422,-1.0898,29.0836,TCAT
423,-1.0393,29.9194,TCAT
424,0.2408,36.1783,TCAT
425,-0.7735,34.016,TCAT
426,-0.6291,30.9545,TCAT
427,1.0877,37.1791,TCAT
428,-0.633,29.4646,TCAT
429,1.2449,42.7144,TCAT
430,-0.9385,34.0944,TCAT
431,-1.1425,27.8133,TCAT
432,-0.5747,29.9184,TCAT
433,-1.0768,23.8861,TCAT
434,-0.9791,29.8395,TCAT
435,0.3009,39.1374,TCAT
436,0.9886,33.9544,TCAT
437,-0.037,29.7732,TCAT
438,-1.1277,27.4336,TCAT
439,0.3963,31.3486,TCAT
440,1.0111,37.5803,TCAT
441,0.6819,36.2464,TCAT
442,-0.7173,27.536,TCAT
443,0.1902,40.1762,TCAT
444,1.1639,30.1255,TCAT
445,0.1568,38.8295,TCAT
446,0.8666,35.722,TCAT
447,-0.6001,30.8133,TCAT
448,0.7315,39.2342,CCAA
449,0.5916,29.8497,CCAA
450,0.3183,40.714,CCAA
451,0.5865,39.6079,CCAA
452,0.3545,40.2805,CCAA
453,0.3132,35.273,CCAA
454,-0.3345,25.5749,CCAA
455,0.0596,40.8496,CCAA
456,0.9558,31.2592,CCAA
457,0.65,34.4867,CCAA
458,0.7075,37.5517,CCAA
459,-0.3467,34.544,CCAA
460,1.1464,36.538,CCAA
461,0.6206,47.8445,CCAA
462,0.0179,29.0191,CCAA
463,0.381,34.3359,CCAA
464,0.436,33.1555,CCAA
465,0.1887,31.26,CCAA
466,-0.2535,30.8575,CCAA
467,0.4362,33.1682,CCAA
468,0.507,33.7876,CCAA
469,0.6073,36.5999,CCAA
470,0.019,34.1655,CCAA
471,-0.4349,31.877,CCAA
472,0.8298,37.7679,CCAA
473,-0.6612,21.3541,CCAA
474,0.8517,35.3327,CCAA
475,1.1939,39.5121,CCAA
476,0.1987,30.4698,CCAA
477,0.4363,33.1609,CCAA
478,0.3267,37.217,CCAA
479,1.224,38.0002,CCAA
480,0.5392,34.1721,CCAC
481,-0.5567,34.7089,CCAC
482,0.1389,35.2066,CCAC
483,0.1635,34.3528,CCAC
484,1.1943,37.6132,CCAC
485,-0.2117,30.9607,CCAC
486,-0.2368,35.5408,CCAC
487,0.3448,34.8534,CCAC
488,0.278,33.2816,CCAC
489,0.8272,39.6138,CCAC
490,1.0333,38.2609,CCAC
491,-0.0002,33.6203,CCAC
492,1.04,30.5646,CCAC
493,-0.1127,31.2767,CCAC
494,-0.4881,35.5596,CCAC
495,1.2205,32.9129,CCAC
496,0.1245,36.4474,CCAC
497,0.5414,31.3648,CCAC
498,1.3656,37.0706,CCAC
499,-0.4374,42.1496,CCAC
500,0.1158,34.3598,CCAC
501,0.5445,38.0523,CCAC
502,0.4967,30.3937,CCAC
503,-0.2068,35.6242,CCAC
504,-0.5561,37.2075,CCAC
505,0.6074,32.8159,CCAC
506,0.2051,36.9636,CCAC
507,-0.5058,34.0321,CCAC
508,-0.339,31.1368,CCAC
509,0.1536,34.6395,CCAC
510,-0.0538,31.8305,CCAC
511,0.7483,35.1993,CCAC
