,slide,twist,step_tetramer
0,-0.506,32.5253,AACA
1,-1.2721,37.5635,AACA
2,-0.1356,38.6855,AACA
3,-0.8989,33.0111,AACA
4,-0.5002,36.1684,AACA
5,-0.6757,33.208,AACA
6,-0.0515,31.2263,AACA
7,-0.8655,35.5882,AACA
8,-0.9649,31.7227,AACA
9,-0.8494,40.895,AACA
10,-0.4798,28.5322,AACA
11,-0.817,35.8964,AACA
12,-0.4181,38.6416,AACA
13,-0.7869,40.3113,AACA
14,-0.5952,33.8055,AACA
15,-0.8756,34.0694,AACA
16,-0.5136,31.7141,AACA
17,-1.0487,30.1964,AACA
18,-0.8983,37.7869,AACA
19,-0.2533,23.1256,AACA
20,-1.1357,35.5567,AACA
21,-0.0396,38.2235,AACA
22,-0.4303,36.0339,AACA
23,-0.5948,22.3236,AACA
24,-0.4123,31.8425,AACA
25,-0.9433,22.4686,AACA
26,-0.779,29.8679,AACA
27,-0.6516,31.6452,AACA
28,-0.9515,21.5088,AACA
29,-0.4202,33.4484,AACA
30,-0.8168,30.0218,AACA
31,-0.8871,25.458,AACA
32,-0.4002,35.2016,CACA
33,-0.5837,33.6626,CACA
34,-0.8036,37.7333,CACA
35,-0.5262,29.78,CACA
36,-0.4997,36.6567,CACA
37,0.667,22.3894,CACA
38,-0.5005,31.8397,CACA
39,-0.2915,32.2221,CACA
40,-0.0329,31.1342,CACA
41,-0.9273,26.1594,CACA
42,0.4554,30.7187,CACA
43,-0.6606,29.8518,CACA
44,-0.1216,23.6655,CACA
45,-0.5679,33.4142,CACA
46,-0.5301,25.5417,CACA
47,-1.3541,30.7504,CACA
48,-0.424,28.9579,CACA
49,-0.6957,30.6737,CACA
50,-0.7466,31.2075,CACA
51,-1.0195,30.4466,CACA
52,-1.1056,27.9459,CACA
53,0.0048,31.11,CACA
54,-0.3356,29.5879,CACA
55,-0.6719,30.4681,CACA
56,-0.9456,28.0452,CACA
57,-0.3624,35.1355,CACA
58,-0.6526,30.3806,CACA
59,-1.1246,29.5993,CACA
60,-0.8135,31.5477,CACA
61,-0.7875,38.2659,CACA
62,-0.6412,34.4267,CACA
63,-1.0526,24.9205,CACA
64,-0.7779,33.0483,GACC
65,-0.6321,34.5631,GACC
66,-0.674,31.6134,GACC
67,-0.6829,30.7853,GACC
68,-0.6905,36.6194,GACC
69,-0.9755,35.8105,GACC
70,-0.5333,34.9562,GACC
71,-1.1081,28.702,GACC
72,-1.1009,33.7248,GACC
73,-1.1421,28.8523,GACC
74,-0.0872,29.6864,GACC
75,-0.9622,39.1924,GACC
76,-0.9855,32.033,GACC
77,-0.7818,31.0967,GACC
78,-1.1304,24.2886,GACC
79,-0.5763,33.9313,GACC
80,-0.6487,36.2024,GACC
81,-1.0042,31.9709,GACC
82,-1.2999,31.7521,GACC
83,-0.359,31.6619,GACC
84,-0.8439,30.304,GACC
85,-0.6742,31.3261,GACC
86,-0.1284,30.6352,GACC
87,-1.3066,31.6964,GACC
88,-1.155,31.1445,GACC
89,-0.9223,37.093,GACC
90,-0.8077,33.0386,GACC
91,-0.3014,36.1975,GACC
92,-0.3518,29.324,GACC
93,-0.1329,31.7603,GACC
94,-0.1621,27.9274,GACC
95,-0.5446,33.0843,GACC
96,-0.15,31.9912,TACG
97,-1.1204,36.6239,TACG
98,-1.3546,36.5824,TACG
99,-0.3756,33.1179,TACG
100,-0.2312,25.1876,TACG
101,-1.3144,36.1115,TACG
102,-0.3201,35.7193,TACG
103,0.5119,37.5616,TACG
104,0.5073,35.3272,TACG
105,0.5485,37.8496,TACG
106,-1.2683,37.1809,TACG
107,-0.078,33.6923,TACG
108,-0.4023,35.2667,TACG
109,-0.5759,28.6172,TACG
110,0.0491,26.63,TACG
111,-1.0498,29.3459,TACG
112,0.4998,34.4113,TACG
113,-0.8328,33.2096,TACG
114,-0.907,34.8641,TACG
115,0.1715,25.8338,TACG
116,-0.1071,37.6372,TACG
117,-0.2394,36.3062,TACG
118,-1.2925,36.9253,TACG
119,-1.3142,34.9681,TACG
120,0.5016,36.5347,TACG
121,-0.507,33.5426,TACG
122,-0.6729,38.5362,TACG
123,-1.3273,35.9874,TACG
124,-0.2342,35.4851,TACG
125,0.2757,32.5056,TACG
126,-1.386,36.3293,TACG
127,0.1671,32.9047,TACG
128,0.3613,34.6827,AACC
129,-0.9152,33.8543,AACC
130,0.3547,38.1168,AACC
131,-0.6502,28.9979,AACC
132,0.1341,36.0707,AACC
133,-0.3952,29.8837,AACC
134,-0.7748,29.5229,AACC
135,0.1452,33.9363,AACC
136,-0.6218,31.9921,AACC
137,-0.9888,32.5643,AACC
138,-0.7646,31.5185,AACC
139,-0.7343,34.5852,AACC
140,-0.6504,34.8773,AACC
141,-0.1397,38.0093,AACC
142,-0.9111,32.3835,AACC
143,-0.9088,31.1107,AACC
144,0.4341,33.9238,AACC
145,-0.5219,32.5724,AACC
146,-0.6981,34.564,AACC
147,-0.4931,35.6527,AACC
148,-0.6222,33.1228,AACC
149,-0.665,32.5998,AACC
150,-0.9348,25.7394,AACC
151,-0.1275,32.4337,AACC
152,-1.1365,34.7368,AACC
153,-0.4371,29.6875,AACC
154,-1.2061,32.3244,AACC
155,-0.2938,32.4345,AACC
156,-0.9426,31.4705,AACC
157,-0.6744,37.9197,AACC
158,-0.9852,28.8423,AACC
159,-0.8011,33.1704,AACC
160,0.2372,36.6894,GACA
161,-0.3256,32.1748,GACA
162,-0.6362,25.9674,GACA
163,-0.409,36.5734,GACA
164,-0.8904,27.3697,GACA
165,-0.6528,28.4122,GACA
166,-0.5129,24.2562,GACA
167,-0.4589,33.1047,GACA
168,-1.121,24.5379,GACA
169,-0.5741,30.9568,GACA
170,-0.9384,28.0764,GACA
171,-0.3526,28.4214,GACA
172,-0.2894,32.0463,GACA
173,-0.4811,32.5246,GACA
174,-0.4519,31.9468,GACA
175,-0.8792,30.1565,GACA
176,-0.4077,30.9316,GACA
177,-0.14,33.9883,GACA
178,-0.3233,21.43,GACA
179,-0.2268,36.9763,GACA
180,-0.0507,32.7455,GACA
181,-1.0021,38.6413,GACA
182,-0.166,30.3135,GACA
183,-0.7001,35.4606,GACA
184,-0.2592,35.4801,GACA
185,0.3271,41.8215,GACA
186,-0.4319,33.0182,GACA
187,-0.6501,35.0861,GACA
188,-0.2647,30.8286,GACA
189,-0.7778,30.9127,GACA
190,-0.9301,29.8069,GACA
191,-0.6287,30.5462,GACA
192,-0.8715,31.7646,AACG
193,-0.6156,40.0147,AACG
194,-0.2897,33.2256,AACG
195,-1.4115,35.6551,AACG
196,-0.726,34.8104,AACG
197,0.4208,41.2852,AACG
198,-0.1249,37.6492,AACG
199,-0.7818,33.7609,AACG
200,-0.9683,28.5951,AACG
201,-0.618,40.0191,AACG
202,-1.0393,34.1392,AACG
203,-0.1224,27.9595,AACG
204,-0.4992,30.2733,AACG
205,-0.9417,32.6339,AACG
206,-0.7525,32.5949,AACG
207,-0.4194,33.983,AACG
208,-0.2817,35.3463,AACG
209,-0.9394,36.5336,AACG
210,-0.9815,36.3038,AACG
211,-0.2964,26.6202,AACG
212,-0.3859,40.0722,AACG
213,-0.4858,40.5958,AACG
214,-0.7933,28.0578,AACG
215,-0.5133,33.492,AACG
216,-0.3897,34.5393,AACG
217,-0.9803,27.8811,AACG
218,-0.9869,35.9609,AACG
219,-0.1629,38.1451,AACG
220,-1.1024,32.8151,AACG
221,-0.6555,32.7238,AACG
222,-0.7053,35.1933,AACG
223,-0.6556,38.7857,AACG
224,-0.5908,33.0451,CACG
225,-0.1879,35.8042,CACG
226,-0.3161,33.0429,CACG
227,-1.1976,37.8391,CACG
228,-0.8568,32.2495,CACG
229,-0.5111,31.9289,CACG
230,-0.5355,31.8251,CACG
231,-0.9029,23.613,CACG
232,-0.1163,37.4723,CACG
233,-0.5899,28.8099,CACG
234,0.1009,41.0305,CACG
235,-0.6404,39.5375,CACG
236,-0.5781,31.9767,CACG
237,-0.0072,34.7092,CACG
238,-0.2577,28.09,CACG
239,-0.7016,33.6369,CACG
240,-0.6125,30.6127,CACG
241,-0.603,31.6441,CACG
242,-0.6291,29.4324,CACG
243,-0.5127,34.7037,CACG
244,-0.0605,37.6243,CACG
245,-0.6377,31.797,CACG
246,-0.7606,33.5573,CACG
247,-1.0861,23.893,CACG
248,-0.5219,30.711,CACG
249,-0.5915,31.1554,CACG
250,-0.5861,30.8472,CACG
251,-0.4582,30.2143,CACG
252,-0.9032,33.5628,CACG
253,-0.5462,31.4735,CACG
254,0.0197,37.8164,CACG
255,-0.8329,31.8924,CACG
256,-0.555,34.873,CACC
257,-1.4756,23.676,CACC
258,-0.512,33.6591,CACC
259,-0.5327,33.36,CACC
260,-0.8601,34.3227,CACC
261,-0.2515,35.1778,CACC
262,-0.1982,25.3261,CACC
263,-0.2171,31.073,CACC
264,-0.6224,29.2679,CACC
265,-0.2745,21.2605,CACC
266,0.141,35.8463,CACC
267,-0.2592,37.1734,CACC
268,-0.3109,27.5966,CACC
269,-0.0933,39.7243,CACC
270,-0.1814,35.0265,CACC
271,-1.0094,32.196,CACC
272,-0.3696,32.3963,CACC
273,-0.247,35.5442,CACC
274,-0.4898,28.1758,CACC
275,0.205,30.7186,CACC
276,-0.6904,27.8386,CACC
277,-0.664,26.521,CACC
278,-0.4141,43.0864,CACC
279,-1.2573,33.9807,CACC
280,-0.4973,31.2734,CACC
281,0.3155,38.0387,CACC
282,0.3038,38.6491,CACC
283,-0.5813,39.9833,CACC
284,-0.3811,33.0497,CACC
285,-1.2884,33.4318,CACC
286,-0.1468,35.2048,CACC
287,-0.5779,31.5105,CACC
288,-0.351,33.4208,TACT
289,-0.4716,30.9868,TACT
290,-1.0595,33.7268,TACT
291,-0.552,30.901,TACT
292,-1.2409,32.6237,TACT
293,0.2307,38.8595,TACT
294,-0.8921,30.2949,TACT
295,-0.1724,25.3618,TACT
296,-1.1074,34.2856,TACT
297,-0.793,27.0157,TACT
298,-0.5307,30.7646,TACT
299,-0.7579,39.4006,TACT
300,-0.5873,31.567,TACT
301,-0.5018,36.1244,TACT
302,-0.2298,31.118,TACT
303,-0.6298,32.947,TACT
304,-0.7316,31.5464,TACT
305,0.3692,35.3377,TACT
306,-0.745,37.9041,TACT
307,-0.3478,36.1934,TACT
308,-1.2089,29.6039,TACT
309,-1.3769,34.4443,TACT
310,-0.9986,28.2947,TACT
311,-0.5113,39.8622,TACT
312,-0.3883,28.193,TACT
313,-0.5388,33.2575,TACT
314,-0.686,28.1171,TACT
315,-1.3978,37.4782,TACT
316,-0.2868,32.2984,TACT
317,-0.0141,38.3177,TACT
318,-0.6017,31.6135,TACT
319,-0.728,31.0739,TACT
320,-0.9039,34.7195,TACC
321,-0.8651,35.4849,TACC
322,-0.9998,33.1281,TACC
323,-0.5344,29.9213,TACC
324,-0.0274,33.756,TACC
325,-0.582,31.5014,TACC
326,-0.1478,33.9628,TACC
327,0.3491,38.932,TACC
328,-0.0985,29.6894,TACC
329,-0.6094,32.8275,TACC
330,-0.6921,29.6081,TACC
331,-0.5954,41.3239,TACC
332,-0.7916,30.7162,TACC
333,-0.4027,34.2623,TACC
334,-0.7549,26.7123,TACC
335,-1.081,27.7502,TACC
336,-0.395,37.1106,TACC
337,-0.9495,37.6796,TACC
338,-0.599,33.9279,TACC
339,-0.0553,34.6801,TACC
340,-0.4111,26.0961,TACC
341,-1.3319,31.6506,TACC
342,0.2997,36.5915,TACC
343,-0.1908,36.4834,TACC
344,-0.6593,29.9895,TACC
345,-0.3853,32.4364,TACC
346,-0.7343,33.6039,TACC
347,-0.5031,32.9202,TACC
348,-0.6389,31.9761,TACC
349,-0.0405,33.7947,TACC
350,-0.3065,28.137,TACC
351,-0.656,28.4623,TACC
352,-0.658,35.7082,AACT
353,-1.0035,35.7277,AACT
354,-0.6368,32.2433,AACT
355,-0.6474,39.344,AACT
356,-1.2056,31.8376,AACT
357,-0.7394,28.5399,AACT
358,-0.556,32.2072,AACT
359,-1.1024,33.109,AACT
360,-0.9015,35.6942,AACT
361,-0.5495,24.0565,AACT
362,-0.9217,33.4341,AACT
363,-0.4299,34.4131,AACT
364,-0.5347,33.9413,AACT
365,-1.3201,34.0494,AACT
366,-1.0651,33.0355,AACT
367,-1.3553,32.0279,AACT
368,-0.9745,33.2288,AACT
369,-1.073,32.4349,AACT
370,-0.8722,30.0576,AACT
371,-0.6272,41.9366,AACT
372,-0.7368,37.6469,AACT
373,-1.1198,33.1447,AACT
374,-0.5478,37.4253,AACT
375,-0.8616,29.1052,AACT
376,-0.9766,36.1672,AACT
377,-0.7741,35.0599,AACT
378,-0.3441,31.1512,AACT
379,-0.5272,30.9597,AACT
380,-0.5934,34.2554,AACT
381,-0.6579,36.4692,AACT
382,-0.6991,37.8321,AACT
383,-1.0868,30.0092,AACT
384,-0.4374,33.2083,CACT
385,-1.0359,33.7848,CACT
386,-0.9764,27.8553,CACT
387,-0.8087,34.6377,CACT
388,-0.8455,27.447,CACT
389,-0.9019,27.8711,CACT
390,-1.1774,24.8624,CACT
391,-0.2252,40.3613,CACT
392,-0.8435,40.7949,CACT
393,-0.8982,30.901,CACT
394,-0.5613,30.659,CACT
395,-0.0623,25.4391,CACT
396,-0.6776,37.838,CACT
397,0.1926,42.5045,CACT
398,-1.5399,30.3262,CACT
399,-0.6527,34.571,CACT
400,-0.905,39.1327,CACT
401,-0.4834,36.5332,CACT
402,-0.351,29.8419,CACT
403,-0.5212,33.2895,CACT
404,-0.0167,42.5641,CACT
405,-0.775,34.0495,CACT
406,0.2156,34.1574,CACT
407,-0.6531,32.7888,CACT
408,-0.7608,36.3408,CACT
409,-0.2058,40.8732,CACT
410,-0.9686,34.9862,CACT
411,0.047,36.0071,CACT
412,-0.4595,33.0054,CACT
413,-1.3216,25.6537,CACT
414,-0.6374,32.1222,CACT
415,-0.6278,36.8589,CACT
416,-0.9757,37.8166,GACT
417,0.1577,32.7636,GACT
418,-0.1884,35.5574,GACT
419,-1.2127,35.7006,GACT
420,-0.6422,35.2039,GACT
421,-1.0433,28.2108,GACT
422,-0.8742,32.2083,GACT
423,0.0138,36.3888,GACT
424,-0.3647,33.2854,GACT
425,-0.7565,33.857,GACT
426,-0.6298,33.0413,GACT
427,-0.389,32.0848,GACT
428,-0.5902,33.6466,GACT
429,-0.5376,32.1955,GACT
430,-0.6344,36.9322,GACT
431,-0.5437,27.0561,GACT
432,-1.4461,25.3138,GACT
433,-0.7415,34.3716,GACT
434,-1.4458,25.3164,GACT
435,-0.3585,36.524,GACT
436,-0.937,31.319,GACT
437,-0.8883,30.5597,GACT
438,-0.6473,28.9388,GACT
439,-1.0208,37.2665,GACT
440,-1.0291,35.3788,GACT
441,-0.6419,32.1085,GACT
442,-0.1594,39.427,GACT
443,-0.749,33.4939,GACT
444,-0.1449,31.2206,GACT
445,-0.2145,36.3213,GACT
446,0.0122,33.7602,GACT
447,-0.5815,34.2199,GACT
448,-0.6936,30.8747,GACG
449,-0.7186,34.8679,GACG
450,-0.8925,26.2701,GACG
451,-0.6662,30.8412,GACG
452,-0.6584,32.5948,GACG
453,-0.2369,34.1778,GACG
454,-0.1539,34.5846,GACG
455,-0.7119,30.0599,GACG
456,-0.3809,31.5723,GACG
457,-0.528,34.2023,GACG
458,-1.1595,32.8923,GACG
459,-0.7548,28.4636,GACG
460,-0.4973,35.9495,GACG
461,-0.5932,32.1629,GACG
462,0.0297,31.6746,GACG
463,-1.0714,27.5014,GACG
464,-0.6352,31.0667,GACG
465,-0.68,30.8315,GACG
466,-1.131,21.5189,GACG
467,-0.4146,31.6301,GACG
468,-0.8133,29.1678,GACG
469,-0.7132,30.6364,GACG
470,-0.9852,26.5304,GACG
471,-0.6898,30.731,GACG
472,-0.2647,26.7025,GACG
473,-0.8566,28.377,GACG
474,-0.7384,30.2776,GACG
475,-0.8917,32.3636,GACG
476,-0.6484,30.6339,GACG
477,-0.5579,32.0956,GACG
478,-0.2337,33.1246,GACG
479,-0.6641,33.4758,GACG
480,-0.5552,39.7065,TACA
481,-0.4178,37.4683,TACA
482,-0.7576,33.4139,TACA
483,-0.6294,28.4519,TACA
484,-0.4646,39.0061,TACA
485,-0.5326,36.4374,TACA
486,-0.4254,29.8353,TACA
487,-0.2788,38.8705,TACA
488,-0.8024,29.2052,TACA
489,-0.5624,30.9043,TACA
490,-0.4003,25.4246,TACA
491,-0.3459,26.0153,TACA
492,-0.5879,27.8582,TACA
493,-0.6583,30.9395,TACA
494,-1.1628,40.394,TACA
495,-0.173,39.0016,TACA
496,-1.2306,31.3537,TACA
497,-0.1389,25.1965,TACA
498,-0.723,38.3252,TACA
499,-0.4124,26.7752,TACA
500,-0.9565,35.9659,TACA
501,-0.299,37.4984,TACA
502,-0.3987,28.1527,TACA
503,-0.189,21.6823,TACA
504,-0.8515,30.6652,TACA
505,-0.6248,34.0545,TACA
506,-0.7091,38.6438,TACA
507,-0.0366,36.5641,TACA
508,-0.5505,31.3975,TACA
509,-0.3386,30.02,TACA
510,-0.2406,35.0727,TACA
511,-1.0124,42.298,TACA
